0.080 
0.040 
0.000 
0.000 
0.000 
0.020 
0.040 
0.060 
0.000 
0.020 
0.080 
0.080 
0.040 
0.020 
0.020 
0.120 
0.120 
0.140 
0.140 
0.060 
0.040 
0.000 
0.060 
0.080 
0.120 
0.140 
0.100 
0.060 
0.060 
0.060 
0.120 
0.140 
0.180 
0.180 
0.160 
0.140 
0.040 
0.060 
0.060 
0.180 
0.200 
0.180 
0.140 
0.120 
0.100 
0.100 
0.100 
0.120 
0.140 
0.180 
0.200 
0.200 
0.200 
0.180 
0.140 
0.120 
0.100 
0.100 
0.100 
0.140 
0.180 
0.200 
0.200 
0.180 
0.180 
0.160 
0.160 
0.160 
0.180 
0.200 
0.200 
0.200 
0.200 
0.180 
0.200 
0.200 
0.200 
0.200 
0.200 
0.220 
0.140 
0.140 
0.140 
0.120 
0.120 
0.120 
0.160 
0.180 
0.200 
0.280 
0.300 
0.320 
0.300 
0.240 
0.220 
0.180 
0.160 
0.180 
0.220 
0.240 
0.360 
0.380 
0.300 
0.280 
0.240 
0.200 
0.160 
0.180 
0.200 
0.400 
0.420 
0.180 
0.180 
0.180 
0.240 
0.220 
0.240 
0.320 
0.300 
0.280 
0.220 
0.220 
0.240 
0.300 
0.380 
0.400 
0.460 
0.440 
0.360 
0.320 
0.280 
0.280 
0.320 
0.380 
0.480 
0.460 
0.440 
0.380 
0.360 
0.320 
0.320 
0.360 
0.380 
0.460 
0.460 
0.200 
0.140 
0.140 
0.180 
0.200 
0.200 
0.220 
0.280 
0.300 
0.100 
0.080 
0.140 
0.080 
0.080 
0.100 
0.180 
0.400 
0.580 
0.800 
0.840 
0.840 
0.720 
0.480 
0.320 
0.140 
0.140 
0.220 
0.560 
0.660 
0.820 
0.920 
0.140 
0.140 
0.640 
0.840 
0.140 
-0.020 
-0.080 
0.120 
0.200 
0.300 
0.700 
0.800 
0.940 
0.980 
0.960 
0.860 
0.580 
0.380 
0.220 
0.160 
0.200 
0.340 
0.660 
0.840 
0.980 
0.840 
0.640 
0.340 
0.140 
0.220 
0.380 
0.780 
0.340 
0.040 
-0.080 
-0.040 
0.040 
0.260 
0.240 
0.200 
-0.440 
-0.160 
0.500 
0.460 
0.400 
0.160 
0.160 
0.300 
0.460 
0.660 
0.820 
0.920 
0.880 
0.680 
0.580 
0.260 
0.160 
0.200 
0.500 
0.600 
0.780 
0.900 
0.780 
0.700 
0.520 
0.280 
0.060 
0.240 
0.320 
0.420 
0.600 
0.740 
0.820 
0.680 
0.620 
0.480 
0.360 
0.340 
0.360 
0.440 
0.580 
0.660 
0.720 
0.900 
0.760 
0.480 
-0.180 
-0.240 
-0.220 
-0.120 
-0.040 
0.060 
0.140 
0.220 
0.220 
0.220 
0.160 
-0.040 
-0.080 
-0.200 
-0.160 
-0.140 
0.020 
0.300 
0.780 
0.920 
1.160 
1.120 
0.920 
0.480 
-0.040 
0.020 
0.280 
0.580 
0.880 
1.100 
1.160 
1.180 
1.000 
0.580 
0.260 
0.000 
-0.080 
0.060 
0.500 
0.660 
0.940 
1.160 
1.160 
1.060 
0.940 
0.720 
0.120 
-0.040 
0.920 
1.240 
1.220 
0.780 
0.620 
0.000 
-0.160 
0.140 
0.300 
0.800 
0.960 
1.200 
1.120 
0.880 
0.380 
0.220 
-0.040 
-0.180 
-0.140 
0.060 
0.840 
0.960 
1.080 
1.020 
0.900 
0.000 
-0.160 
-0.160 
0.000 
0.420 
0.740 
1.100 
1.160 
0.980 
0.520 
0.160 
-0.240 
-0.380 
0.860 
0.920 
0.980 
0.900 
0.720 
0.340 
-0.040 
0.080 
0.760 
0.920 
0.980 
0.740 
0.360 
-0.060 
0.020 
0.460 
0.700 
0.880 
0.980 
0.960 
0.680 
0.560 
0.080 
-0.220 
0.380 
0.500 
0.780 
0.780 
0.760 
0.580 
0.480 
0.160 
0.100 
0.060 
0.140 
0.380 
0.460 
0.620 
0.780 
0.780 
0.780 
0.620 
0.540 
0.200 
0.140 
0.060 
0.100 
0.160 
0.500 
0.660 
0.780 
0.500 
0.320 
0.240 
0.060 
0.060 
0.200 
0.260 
0.440 
0.680 
0.680 
0.660 
0.360 
0.100 
0.000 
0.000 
0.140 
0.320 
0.840 
0.820 
0.720 
0.560 
0.460 
0.360 
0.020 
-0.020 
0.100 
0.180 
0.580 
0.660 
0.800 
0.840 
0.820 
0.700 
0.540 
0.340 
0.180 
0.060 
0.060 
0.120 
0.540 
0.640 
0.820 
0.800 
0.680 
0.400 
0.300 
0.080 
0.060 
0.040 
0.180 
0.360 
0.540 
0.440 
0.520 
0.280 
0.020 
-0.060 
-0.080 
0.240 
0.360 
0.880 
0.880 
0.360 
0.120 
-0.040 
-0.080 
0.200 
0.320 
0.540 
0.780 
0.800 
0.740 
0.560 
0.240 
0.140 
-0.040 
-0.040 
0.160 
0.260 
0.480 
0.760 
0.840 
0.620 
0.100 
-0.020 
0.100 
0.300 
0.420 
0.780 
0.840 
0.740 
0.260 
0.160 
0.060 
0.680 
0.740 
0.780 
0.680 
0.600 
0.200 
0.120 
0.040 
-0.060 
0.340 
0.540 
0.620 
0.780 
0.760 
0.460 
0.360 
0.160 
-0.040 
-0.060 
0.100 
0.380 
0.580 
0.760 
0.780 
0.540 
0.360 
0.180 
0.060 
0.020 
0.000 
0.180 
0.240 
0.500 
0.560 
0.400 
0.320 
0.240 
0.040 
0.080 
0.200 
0.480 
0.620 
0.640 
0.540 
0.480 
0.420 
0.240 
0.100 
0.320 
0.380 
0.580 
0.580 
0.540 
0.460 
0.280 
0.220 
0.100 
0.140 
0.180 
0.120 
0.300 
0.380 
0.380 
0.340 
0.300 
0.200 
0.100 
0.060 
0.040 
0.060 
0.040 
0.060 
0.080 
0.140 
0.200 
0.100 
0.160 
0.220 
0.220 
0.240 
0.340 
0.400 
0.460 
0.480 
0.460 
0.400 
0.300 
0.220 
0.200 
0.220 
0.240 
0.260 
0.280 
0.380 
0.440 
0.480 
0.480 
0.380 
0.320 
0.260 
0.200 
0.280 
0.320 
0.380 
0.440 
0.480 
0.480 
0.460 
0.380 
0.220 
0.280 
0.360 
0.420 
0.480 
0.460 
0.440 
0.400 
0.280 
0.260 
0.200 
0.240 
0.340 
0.400 
0.460 
0.480 
0.480 
0.480 
0.420 
0.320 
0.220 
0.240 
0.380 
0.420 
0.440 
0.460 
0.440 
0.300 
0.240 
0.200 
-0.240 
-0.180 
-0.120 
-0.040 
0.000 
0.080 
0.120 
0.420 
0.460 
0.320 
0.260 
0.040 
0.060 
0.140 
0.300 
0.400 
0.480 
0.500 
0.500 
0.400 
0.180 
0.140 
0.040 
0.040 
0.100 
0.200 
0.260 
0.460 
0.500 
0.500 
0.480 
0.320 
0.260 
0.180 
0.120 
0.100 
0.260 
0.300 
0.360 
0.480 
0.500 
0.400 
0.360 
0.320 
0.280 
0.100 
0.020 
0.020 
0.040 
0.120 
0.240 
0.360 
0.480 
0.540 
0.020 
0.020 
0.040 
0.200 
0.500 
0.540 
0.560 
0.520 
0.480 
0.360 
0.160 
0.060 
0.020 
0.020 
0.160 
0.280 
0.460 
0.520 
0.480 
0.440 
0.340 
0.260 
0.140 
0.020 
0.000 
0.080 
0.120 
0.320 
0.500 
-9.907 
-9.967 
-10.007 
-10.127 
-10.247 
-10.307 
-10.447 
-10.487 
-10.547 
-10.687 
-10.687 
-10.647 
-10.367 
-10.427 
-10.647 
-10.667 
-10.687 
-10.627 
-10.587 
-10.407 
-10.347 
-10.307 
-10.287 
-10.287 
-10.387 
-10.447 
-10.627 
-10.647 
-10.687 
-10.667 
-10.527 
-10.467 
-10.307 
-10.287 
-10.307 
-10.367 
-10.507 
-10.607 
-10.667 
-10.974 
-10.814 
-10.674 
-10.674 
-10.694 
-10.774 
-10.794 
-10.854 
-10.874 
-10.814 
-10.794 
-10.774 
-10.674 
-10.674 
-10.774 
-10.874 
-10.854 
-10.774 
-10.754 
-10.694 
-10.674 
-10.674 
-10.694 
-10.734 
-10.814 
-10.854 
-10.874 
-10.874 
-10.814 
-10.794 
-10.714 
-10.674 
-10.674 
-10.694 
-10.754 
-10.814 
-10.894 
-10.979 
-10.939 
-10.879 
-10.819 
-10.779 
-10.759 
-10.799 
-11.019 
-11.079 
-11.219 
-11.279 
-11.259 
-11.219 
-11.179 
-11.079 
-11.019 
-10.839 
-10.879 
-10.959 
-11.219 
-11.239 
-11.279 
-11.259 
-11.199 
-11.119 
-11.019 
-10.919 
-10.899 
-10.879 
-10.879 
-10.919 
-10.959 
-11.019 
-11.179 
-11.239 
-11.339 
-11.359 
-11.319 
-11.199 
-11.139 
-10.959 
-10.939 
-10.899 
-10.919 
-10.979 
-11.159 
-11.279 
-11.359 
-11.526 
-11.386 
-11.266 
-11.146 
-11.066 
-11.046 
-11.126 
-11.206 
-11.386 
-11.486 
-11.666 
-11.826 
-11.826 
-11.326 
-11.246 
-11.146 
-11.146 
-11.366 
-11.546 
-11.766 
-11.806 
-11.826 
-11.806 
-11.766 
-11.646 
-11.386 
-11.286 
-11.126 
-11.106 
-11.126 
-11.246 
-11.306 
-11.646 
-11.786 
-11.826 
-11.826 
-11.786 
-11.606 
-11.446 
-11.226 
-11.166 
-11.206 
-11.266 
-11.566 
-11.769 
-11.869 
-11.869 
-11.769 
-11.529 
-11.449 
-11.269 
-11.329 
-11.469 
-11.569 
-11.969 
-12.089 
-12.129 
-12.109 
-11.989 
-11.709 
-11.509 
-11.269 
-11.309 
-11.349 
-12.129 
-12.089 
-11.969 
-11.709 
-11.529 
-11.349 
-11.329 
-11.409 
-11.489 
-11.649 
-11.829 
-11.969 
-12.069 
-12.049 
-11.829 
-11.669 
-11.469 
-11.389 
-11.409 
-11.509 
-11.749 
-12.002 
-12.122 
-11.982 
-11.922 
-11.842 
-11.502 
-11.522 
-11.702 
-11.882 
-12.182 
-12.302 
-12.322 
-12.282 
-12.062 
-11.962 
-11.702 
-11.602 
-12.062 
-12.142 
-12.262 
-12.322 
-12.322 
-12.302 
-12.022 
-11.842 
-11.682 
-11.622 
-11.582 
-11.662 
-11.742 
-12.082 
-12.242 
-12.322 
-12.322 
-12.282 
-12.162 
-11.982 
-11.722 
-11.602 
-11.602 
-11.702 
-11.862 
-12.043 
-12.263 
-12.323 
-12.203 
-12.123 
-11.943 
-11.783 
-11.723 
-11.763 
-11.923 
-12.143 
-12.463 
-12.563 
-12.663 
-12.543 
-12.343 
-12.123 
-11.723 
-11.723 
-11.803 
-12.303 
-12.503 
-12.643 
-12.663 
-12.583 
-12.403 
-12.183 
-12.063 
-11.963 
-11.723 
-11.723 
-11.763 
-12.003 
-12.123 
-12.543 
-12.623 
-12.683 
-12.663 
-12.563 
-12.363 
-12.263 
-11.843 
-11.803 
-11.763 
-11.843 
-12.003 
-12.223 
-12.343 
-12.634 
-12.654 
-12.614 
-12.474 
-12.274 
-11.854 
-11.794 
-11.794 
-12.194 
-12.494 
-12.774 
-12.974 
-13.034 
-13.014 
-12.854 
-12.594 
-12.294 
-11.814 
-11.774 
-11.774 
-12.094 
-12.254 
-13.034 
-12.994 
-12.914 
-12.534 
-11.954 
-11.854 
-11.774 
-12.034 
-12.154 
-12.314 
-12.754 
-12.874 
-12.974 
-12.974 
-12.774 
-12.494 
-12.214 
-11.894 
-11.834 
-12.014 
-12.254 
-12.534 
-12.674 
-12.917 
-13.017 
-13.017 
-12.737 
-12.597 
-11.997 
-11.957 
-11.957 
-12.177 
-12.297 
-12.457 
-12.757 
-12.897 
-13.137 
-13.237 
-13.197 
-12.897 
-12.757 
-12.597 
-12.177 
-11.997 
-12.057 
-13.177 
-13.037 
-12.937 
-12.677 
-12.417 
-12.297 
-12.077 
-12.057 
-12.077 
-12.437 
-12.557 
-13.017 
-13.117 
-13.097 
-12.957 
-12.637 
-12.497 
-12.157 
-12.117 
-12.217 
-12.376 
-12.616 
-12.816 
-13.036 
-13.056 
-12.916 
-12.656 
-12.616 
-12.596 
-12.636 
-12.736 
-12.916 
-12.976 
-13.076 
-13.036 
-12.896 
-12.776 
-12.636 
-12.656 
-12.716 
-12.816 
-12.936 
-12.696 
-12.656 
-12.596 
-12.596 
-12.636 
-12.856 
-12.896 
-13.056 
-13.056 
-12.956 
-12.856 
-12.736 
-12.676 
-12.576 
-12.616 
-12.696 
-12.883 
-13.043 
-13.123 
-13.143 
-13.143 
-13.123 
-12.983 
-12.923 
-12.883 
-12.903 
-12.943 
-13.103 
-13.163 
-13.163 
-13.043 
-13.003 
-12.923 
-12.823 
-12.883 
-12.963 
-13.043 
-13.103 
-13.023 
-12.903 
-12.863 
-12.823 
-12.863 
-12.943 
-12.983 
-13.063 
-13.143 
-13.163 
-13.143 
-13.083 
-12.963 
-12.923 
-12.843 
-12.823 
-12.883 
-12.761 
-12.921 
-12.961 
-13.021 
-13.001 
-13.001 
-12.961 
-13.121 
-13.201 
-13.261 
-13.301 
-13.261 
-13.201 
-13.161 
-13.121 
-13.021 
-12.981 
-12.961 
-12.981 
-13.021 
-13.101 
-13.181 
-13.261 
-13.041 
-12.981 
-12.961 
-13.001 
-13.081 
-13.181 
-13.221 
-13.301 
-13.281 
-13.201 
-13.141 
-13.021 
-12.981 
-12.981 
-12.981 
-13.121 
-13.201 
-13.101 
-13.306 
-13.286 
-13.226 
-13.126 
-13.106 
-13.186 
-13.446 
-13.466 
-13.426 
-13.386 
-13.306 
-13.206 
-13.126 
-13.166 
-13.226 
-13.326 
-13.446 
-13.506 
-13.406 
-13.366 
-13.126 
-13.106 
-13.146 
-13.346 
-13.426 
-13.486 
-13.506 
-13.446 
-13.406 
-13.206 
-13.146 
-13.106 
-13.126 
-13.226 
-13.266 
-13.446 
-13.403 
-13.423 
-13.403 
-13.263 
-13.223 
-13.103 
-13.183 
-13.243 
-13.323 
-13.703 
-13.723 
-13.723 
-13.563 
-13.423 
-13.203 
-13.123 
-13.123 
-13.163 
-13.423 
-13.503 
-13.683 
-13.723 
-13.543 
-13.463 
-13.383 
-13.123 
-13.243 
-13.303 
-13.603 
-13.663 
-13.723 
-13.683 
-13.443 
-13.283 
-13.123 
-13.103 
-13.203 
-13.343 
-13.563 
-13.601 
-13.641 
-13.581 
-13.401 
-13.321 
-13.141 
-13.121 
-13.281 
-13.381 
-13.741 
-13.821 
-13.821 
-13.661 
-13.381 
-13.281 
-13.141 
-13.121 
-13.321 
-13.501 
-13.701 
-13.781 
-13.881 
-13.781 
-13.621 
-13.521 
-13.141 
-13.161 
-13.861 
-13.901 
-13.881 
-13.761 
-13.481 
-13.301 
-13.141 
-13.121 
-13.261 
-13.441 
-13.701 
-13.845 
-13.885 
-13.725 
-13.465 
-13.265 
-13.165 
-13.145 
-13.405 
-13.505 
-14.045 
-14.005 
-13.785 
-13.565 
-13.365 
-13.165 
-13.165 
-13.165 
-13.265 
-13.545 
-13.696 
-13.736 
-13.776 
-13.656 
-13.496 
-13.356 
-13.276 
-13.396 
-13.536 
-13.816 
-13.996 
-13.956 
-13.556 
-13.456 
-13.336 
-13.276 
-13.496 
-13.676 
-13.836 
-13.956 
-13.996 
-13.916 
-13.516 
-13.796 
-13.936 
-13.956 
-13.896 
-13.556 
-13.396 
-13.276 
-13.296 
-13.396 
-13.525 
-13.785 
-13.905 
-13.945 
-13.845 
-13.645 
-13.565 
-13.505 
-13.385 
-13.465 
-13.525 
-13.665 
-13.865 
-13.965 
-13.965 
-13.945 
-13.825 
-13.605 
-13.485 
-13.385 
-13.405 
-13.485 
-13.545 
-13.845 
-13.905 
-13.965 
-13.965 
-13.865 
-13.725 
-13.585 
-13.465 
-13.505 
-13.585 
-13.925 
-13.985 
-13.945 
-13.765 
-13.625 
-13.445 
-13.385 
-13.425 
-13.545 
-13.685 
-13.838 
-13.978 
-13.998 
-13.938 
-13.818 
-13.758 
-13.498 
-13.438 
-13.478 
-13.558 
-13.718 
-13.798 
-13.938 
-14.038 
-13.798 
-13.718 
-13.518 
-13.478 
-13.438 
-13.478 
-13.598 
-13.818 
-13.958 
-14.078 
-14.078 
-13.978 
-13.858 
-13.458 
-13.438 
-13.458 
-13.918 
-13.998 
-14.078 
-14.058 
-13.958 
-13.818 
-13.738 
-13.478 
-13.458 
-13.498 
-13.414 
-13.414 
-13.594 
-13.654 
-13.794 
-13.994 
-13.994 
-13.974 
-13.934 
-13.854 
-13.714 
-13.634 
-13.594 
-13.594 
-13.694 
-13.994 
-13.994 
-13.974 
-13.834 
-13.714 
-13.414 
-13.314 
-13.374 
-13.554 
-13.894 
-14.274 
-14.254 
-14.194 
-13.814 
-13.554 
-12.674 
-12.934 
-13.394 
-14.214 
-14.914 
-14.934 
-14.894 
-14.374 
-14.030 
-13.250 
-12.910 
-12.890 
-13.690 
-13.950 
-14.230 
-15.010 
-14.890 
-14.530 
-14.290 
-13.250 
-12.890 
-12.910 
-14.330 
-14.770 
-14.910 
-14.830 
-14.430 
-13.650 
-13.150 
-12.850 
-12.770 
-12.850 
-13.150 
-13.650 
-14.430 
-14.830 
-14.990 
-12.810 
-12.790 
-12.890 
-13.050 
-14.030 
-14.290 
-14.970 
-14.747 
-14.587 
-14.127 
-13.327 
-12.907 
-12.727 
-13.987 
-14.547 
-15.127 
-15.107 
-13.027 
-14.107 
-14.407 
-15.107 
-15.127 
-14.527 
-13.967 
-13.127 
-12.787 
-12.787 
-13.127 
-13.947 
-15.067 
-15.127 
-14.427 
-14.147 
-13.567 
-12.787 
-12.887 
-14.347 
-14.607 
-14.967 
-15.027 
-14.643 
-13.903 
-13.363 
-12.943 
-12.803 
-12.923 
-14.243 
-14.783 
-14.983 
-15.083 
-14.723 
-14.183 
-13.323 
-12.883 
-12.723 
-12.843 
-13.763 
-14.643 
-14.863 
-15.143 
-14.863 
-14.363 
-13.203 
-13.003 
-12.743 
-12.903 
-14.743 
-14.943 
-14.763 
-13.643 
-13.363 
-12.823 
-12.963 
-13.423 
-14.583 
-15.061 
-15.221 
-14.461 
-14.181 
-13.881 
-13.081 
-13.101 
-13.601 
-14.201 
-15.121 
-15.221 
-15.181 
-15.061 
-14.861 
-13.761 
-13.461 
-13.001 
-12.781 
-12.861 
-13.441 
-13.721 
-15.041 
-15.241 
-15.141 
-14.781 
-14.521 
-13.941 
-13.381 
-12.841 
-12.861 
-13.141 
-13.901 
-14.181 
-14.921 
-14.121 
-13.321 
-13.481 
-13.741 
-14.201 
-14.701 
-14.901 
-15.021 
-14.881 
-14.461 
-13.901 
-13.641 
-13.021 
-12.921 
-13.221 
-14.261 
-14.541 
-15.201 
-15.221 
-15.161 
-14.621 
-13.301 
-12.921 
-12.921 
-14.101 
-14.641 
-15.221 
-15.201 
-14.961 
-14.241 
-13.681 
-13.041 
-13.041 
-13.201 
-13.661 
-14.221 
-15.221 
-15.061 
-13.841 
-13.141 
-13.001 
-12.901 
-13.501 
-14.661 
-14.901 
-15.201 
-15.201 
-15.061 
-14.621 
-14.061 
-13.761 
-12.941 
-12.881 
-13.121 
-14.141 
-14.921 
-15.201 
-15.201 
-14.481 
-14.221 
-13.661 
-13.041 
-12.901 
-13.061 
-13.441 
-14.741 
-14.921 
-15.141 
-15.001 
-13.781 
-13.521 
-12.921 
-12.981 
-13.541 
-15.001 
-15.101 
-15.141 
-14.721 
-13.061 
-12.941 
-13.041 
-13.460 
-13.960 
-14.960 
-15.100 
-15.080 
-14.900 
-14.440 
-13.880 
-13.360 
-12.960 
-13.000 
-13.300 
-14.600 
-15.020 
-15.220 
-15.220 
-15.140 
-14.820 
-14.060 
-13.160 
-13.040 
-13.000 
-13.240 
-13.420 
-14.680 
-15.100 
-14.860 
-13.680 
-14.200 
-14.460 
-14.880 
-15.180 
-15.080 
-14.540 
-14.040 
-13.380 
-13.120 
-13.140 
-14.540 
-14.760 
-14.960 
-15.180 
-15.140 
-14.440 
-13.180 
-13.300 
-13.660 
-14.640 
-15.020 
-15.180 
-15.100 
-14.980 
-14.580 
-14.080 
-13.840 
-13.400 
-13.160 
-13.140 
-13.540 
-13.760 
-14.500 
-15.060 
-14.900 
-14.480 
-13.160 
-14.242 
-14.742 
-15.362 
-15.162 
-14.922 
-14.322 
-13.702 
-13.022 
-13.022 
-14.002 
-14.502 
-15.022 
-14.882 
-14.742 
-14.382 
-14.002 
-13.642 
-13.382 
-13.322 
-13.642 
-14.702 
-14.882 
-15.122 
-15.102 
-14.982 
-14.622 
-13.962 
-13.362 
-13.322 
-13.422 
-13.702 
-14.942 
-15.082 
-15.324 
-15.104 
-14.724 
-13.544 
-13.644 
-13.964 
-14.404 
-14.624 
-15.004 
-15.264 
-15.064 
-14.724 
-14.504 
-13.864 
-13.704 
-13.564 
-13.564 
-13.684 
-14.904 
-15.064 
-15.264 
-14.644 
-14.424 
-14.204 
-13.524 
-13.464 
-13.504 
-13.604 
-13.944 
-14.964 
-15.224 
-15.204 
-15.104 
-14.324 
-13.584 
-13.504 
-13.484 
-13.664 
-13.824 
-14.464 
-14.664 
-15.044 
-15.244 
-15.304 
-14.284 
-13.884 
-13.724 
-14.824 
-15.164 
-15.324 
-15.184 
-14.884 
-14.044 
-13.864 
-13.604 
-13.564 
-13.624 
-13.724 
-14.484 
-14.704 
-15.304 
-15.344 
-15.144 
-14.984 
-14.144 
-13.584 
-13.564 
-13.944 
-14.144 
-14.564 
-15.304 
-15.084 
-14.704 
-14.284 
-14.064 
-13.564 
-13.704 
-14.024 
-14.444 
-15.044 
-15.248 
-15.088 
-13.648 
-13.728 
-14.008 
-14.408 
-14.628 
-15.328 
-15.428 
-15.188 
-14.828 
-14.408 
-14.188 
-13.648 
-14.068 
-14.708 
-15.108 
-15.408 
-15.368 
-15.128 
-14.748 
-14.108 
-13.788 
-13.648 
-13.828 
-14.148 
-15.428 
-15.408 
-14.868 
-14.668 
-14.228 
-13.748 
-13.668 
-13.748 
-13.868 
-14.668 
-15.428 
-15.388 
-15.475 
-14.875 
-14.095 
-14.435 
-14.635 
-15.075 
-15.555 
-15.635 
-15.515 
-15.375 
-15.175 
-14.735 
-14.075 
-13.755 
-13.735 
-13.895 
-14.695 
-14.935 
-15.595 
-15.655 
-15.575 
-15.295 
-14.875 
-14.195 
-13.875 
-13.755 
-13.955 
-14.575 
-15.035 
-15.655 
-15.615 
-15.215 
-14.995 
-14.535 
-13.955 
-13.755 
-13.775 
-14.035 
-14.655 
-15.115 
-15.575 
-15.702 
-15.542 
-13.862 
-13.882 
-14.842 
-15.282 
-15.722 
-15.762 
-15.382 
-14.962 
-14.262 
-13.942 
-13.822 
-14.702 
-14.942 
-15.382 
-15.682 
-15.490 
-14.130 
-14.510 
-14.130 
-14.130 
-15.090 
-15.230 
-15.450 
-15.510 
-15.370 
-14.950 
-14.790 
-14.270 
-14.210 
-14.230 
-14.310 
-14.990 
-15.150 
-15.410 
-15.530 
-15.430 
-15.190 
-14.870 
-14.430 
-14.330 
-14.250 
-14.450 
-14.910 
-15.070 
-15.510 
-15.530 
-15.530 
-15.170 
-14.570 
-14.450 
-14.350 
-14.290 
-14.303 
-14.863 
-15.143 
-15.383 
-15.323 
-15.123 
-14.663 
-14.523 
-14.403 
-14.623 
-14.963 
-15.443 
-15.623 
-15.543 
-15.283 
-14.943 
-14.763 
-14.363 
-14.283 
-14.263 
-14.403 
-15.583 
-15.683 
-15.363 
-14.863 
-14.703 
-14.543 
-14.263 
-14.283 
-14.463 
-14.923 
-15.103 
-15.663 
-15.643 
-15.443 
-14.983 
-14.663 
-14.423 
-14.343 
-14.443 
-14.683 
-15.143 
-15.470 
-15.630 
-15.650 
-15.410 
-15.130 
-14.670 
-14.810 
-14.950 
-15.370 
-15.490 
-15.630 
-15.570 
-15.470 
-14.950 
-14.510 
-14.450 
-14.630 
-14.730 
-15.510 
-15.610 
-15.570 
-15.510 
-15.170 
-15.050 
-14.790 
-14.530 
-14.510 
-14.710 
-15.410 
-15.490 
-15.550 
-15.530 
-15.470 
-15.270 
-15.030 
-14.910 
-14.570 
-14.570 
-14.670 
-14.658 
-15.138 
-15.338 
-15.458 
-15.398 
-14.638 
-14.498 
-14.638 
-15.038 
-15.678 
-15.558 
-15.298 
-14.838 
-14.598 
-14.478 
-14.578 
-14.958 
-15.258 
-15.538 
-15.638 
-15.738 
-15.618 
-15.378 
-14.918 
-14.778 
-14.498 
-14.478 
-14.538 
-14.858 
-15.738 
-15.718 
-15.578 
-15.158 
-15.018 
-14.538 
-14.478 
-14.558 
-15.167 
-15.327 
-15.827 
-15.787 
-15.707 
-14.747 
-14.647 
-15.327 
-15.787 
-15.567 
-15.427 
-15.287 
-14.827 
-14.707 
-14.547 
-15.067 
-15.227 
-15.787 
-15.627 
-15.507 
-15.367 
-14.907 
-14.527 
-14.527 
-14.987 
-15.147 
-15.447 
-15.567 
-15.587 
-15.447 
-15.147 
-14.727 
-14.627 
-14.413 
-14.433 
-14.893 
-15.213 
-15.473 
-15.573 
-15.653 
-15.713 
-15.593 
-14.693 
-14.773 
-15.013 
-15.393 
-15.513 
-15.713 
-15.453 
-15.313 
-15.053 
-14.733 
-14.633 
-14.733 
-15.313 
-15.453 
-15.713 
-15.713 
-15.613 
-15.513 
-15.393 
-14.873 
-14.773 
-14.653 
-14.693 
-15.113 
-15.253 
-15.373 
-15.693 
-15.353 
-15.213 
-14.953 
-14.673 
-14.759 
-14.839 
-15.039 
-15.419 
-15.659 
-15.819 
-15.839 
-15.059 
-14.699 
-13.919 
-13.899 
-14.259 
-14.839 
-15.519 
-16.359 
-16.539 
-16.619 
-16.399 
-16.159 
-15.579 
-14.899 
-14.319 
-13.879 
-13.979 
-14.979 
-15.939 
-16.419 
-16.539 
-16.479 
-16.039 
-15.099 
-14.779 
-13.919 
-14.239 
-15.119 
-15.759 
-16.479 
-16.933 
-16.733 
-16.273 
-15.293 
-14.973 
-14.273 
-14.153 
-14.633 
-15.213 
-15.533 
-16.113 
-16.613 
-16.593 
-15.153 
-14.853 
-14.113 
-14.173 
-14.493 
-15.353 
-15.953 
-16.413 
-16.413 
-15.033 
-14.493 
-14.133 
-14.213 
-14.593 
-15.173 
-15.473 
-16.053 
-16.473 
-16.653 
-16.333 
-15.813 
-15.213 
-14.633 
-14.233 
-14.133 
-15.893 
-16.173 
-16.543 
-16.583 
-16.243 
-15.403 
-14.803 
-14.343 
-14.203 
-14.403 
-14.643 
-15.203 
-15.843 
-16.383 
-15.603 
-15.283 
-14.183 
-15.963 
-16.463 
-16.723 
-16.663 
-16.323 
-15.463 
-14.843 
-14.223 
-14.143 
-14.583 
-15.163 
-16.083 
-16.723 
-16.463 
-16.223 
-15.963 
-15.343 
-14.483 
-14.183 
-14.703 
-14.983 
-15.603 
-16.423 
-16.751 
-16.611 
-16.171 
-15.251 
-14.691 
-14.311 
-14.231 
-14.651 
-16.571 
-16.711 
-16.771 
-16.531 
-16.051 
-14.291 
-14.311 
-14.411 
-15.351 
-15.951 
-16.591 
-16.731 
-16.411 
-15.351 
-15.071 
-14.411 
-14.711 
-15.491 
-16.031 
-16.471 
-16.591 
-16.611 
-16.471 
-15.511 
-15.231 
-14.571 
-14.451 
-14.411 
-15.891 
-16.224 
-16.544 
-16.424 
-16.064 
-15.824 
-15.004 
-14.784 
-14.424 
-14.424 
-15.624 
-16.164 
-16.444 
-16.224 
-15.724 
-14.544 
-14.444 
-14.464 
-14.944 
-15.184 
-16.004 
-16.264 
-16.464 
-16.704 
-16.644 
-15.884 
-15.604 
-14.664 
-14.524 
-14.724 
-14.944 
-16.024 
-16.464 
-16.704 
-16.724 
-16.144 
-15.884 
-15.084 
-14.864 
-14.484 
-15.492 
-15.752 
-16.012 
-16.552 
-16.452 
-15.932 
-15.052 
-14.872 
-14.752 
-14.712 
-14.952 
-15.572 
-16.212 
-16.372 
-14.712 
-15.052 
-15.732 
-15.992 
-16.112 
-16.232 
-16.132 
-15.772 
-15.212 
-15.112 
-15.212 
-15.352 
-15.632 
-16.052 
-16.132 
-16.232 
-16.172 
-15.712 
-15.412 
-15.172 
-14.932 
-15.452 
-15.732 
-16.032 
-16.072 
-16.012 
-15.852 
-15.492 
-15.132 
-15.092 
-15.152 
-15.232 
-15.972 
-16.012 
-16.052 
-15.692 
-15.572 
-15.332 
-15.092 
-15.192 
-15.472 
-15.592 
-15.912 
-15.992 
-16.052 
-15.952 
-15.752 
-15.512 
-15.412 
-15.092 
-15.092 
-15.312 
-15.412 
-15.532 
-15.952 
-16.052 
-15.992 
-15.592 
-15.472 
-15.176 
-15.116 
-15.356 
-15.676 
-15.856 
-15.996 
-15.956 
-15.916 
-15.836 
-15.416 
-15.136 
-15.116 
-15.216 
-15.816 
-15.896 
-15.976 
-15.476 
-15.156 
-15.076 
-14.836 
-15.176 
-15.316 
-15.656 
-16.076 
-16.096 
-15.696 
-15.536 
-14.836 
-15.096 
-15.236 
-15.576 
-15.656 
-15.716 
-15.796 
-15.596 
-15.536 
-15.420 
-15.380 
-15.300 
-15.500 
-15.720 
-15.820 
-15.860 
-15.820 
-15.700 
-15.480 
-15.340 
-15.240 
-15.200 
-15.300 
-15.440 
-15.680 
-15.800 
-15.320 
-15.080 
-14.940 
-14.980 
-15.160 
-15.560 
-15.700 
-15.820 
-16.060 
-16.080 
-16.000 
-15.820 
-15.680 
-15.140 
-14.960 
-14.940 
-15.000 
-15.100 
-15.620 
-15.880 
-16.080 
-16.040 
-15.880 
-15.449 
-15.229 
-15.249 
-15.349 
-15.589 
-15.949 
-16.029 
-16.089 
-16.049 
-15.869 
-15.469 
-15.209 
-15.049 
-15.149 
-15.369 
-15.889 
-15.929 
-13.969 
-13.489 
-14.349 
-14.809 
-16.729 
-17.089 
-17.489 
-17.229 
-16.509 
-15.549 
-14.569 
-13.569 
-13.429 
-14.769 
-15.749 
-16.989 
-17.409 
-17.369 
-16.869 
-15.049 
-14.169 
-13.709 
-13.618 
-13.938 
-15.098 
-15.578 
-16.058 
-17.218 
-17.418 
-17.338 
-17.058 
-16.278 
-14.818 
-13.978 
-13.438 
-13.498 
-14.778 
-15.618 
-16.498 
-16.458 
-15.498 
-14.478 
-14.658 
-14.818 
-15.258 
-15.758 
-15.978 
-16.338 
-16.478 
-16.278 
-15.898 
-14.938 
-14.598 
-14.478 
-14.578 
-14.898 
-16.258 
-16.478 
-16.358 
-16.218 
-15.298 
-15.071 
-14.751 
-14.671 
-14.991 
-15.431 
-16.391 
-16.711 
-16.611 
-16.051 
-15.511 
-14.651 
-14.551 
-14.551 
-14.791 
-16.031 
-16.451 
-16.691 
-16.711 
-16.551 
-14.571 
-14.691 
-15.091 
-16.131 
-16.351 
-16.691 
-16.491 
-15.551 
-15.051 
-14.571 
-14.531 
-14.771 
-14.971 
-15.991 
-16.431 
-16.671 
-16.671 
-16.591 
-15.971 
-15.711 
-15.331 
-14.911 
-14.671 
-14.671 
-14.751 
-15.271 
-15.711 
-16.151 
-16.591 
-16.631 
-16.431 
-16.271 
-15.851 
-15.391 
-14.991 
-14.731 
-14.851 
-15.351 
-15.811 
-16.551 
-16.611 
-15.531 
-15.291 
-14.931 
-14.791 
-14.891 
-15.231 
-15.911 
-16.131 
-16.471 
-16.631 
-16.471 
-15.891 
-15.451 
-15.071 
-14.831 
-15.011 
-15.371 
-15.811 
-16.231 
-16.611 
-16.807 
-16.567 
-16.207 
-15.767 
-15.547 
-15.207 
-14.987 
-15.727 
-16.147 
-16.467 
-16.647 
-16.667 
-16.547 
-16.247 
-15.867 
-15.287 
-14.987 
-15.027 
-16.027 
-16.207 
-16.527 
-16.647 
-16.587 
-15.387 
-15.227 
-15.167 
-15.327 
-15.707 
-16.107 
-16.287 
-16.627 
-16.547 
-15.907 
-15.507 
-15.167 
-15.007 
-15.107 
-15.387 
-15.967 
-16.769 
-16.772 
-16.352 
-16.172 
-15.972 
-15.292 
-15.152 
-15.752 
-16.312 
-16.612 
-16.732 
-16.732 
-16.572 
-16.272 
-16.072 
-15.692 
-15.352 
-15.212 
-15.332 
-16.212 
-16.652 
-15.612 
-15.212 
-15.252 
-15.372 
-16.112 
-16.292 
-16.592 
-16.732 
-16.672 
-16.112 
-15.732 
-15.392 
-15.252 
-15.312 
-15.432 
-15.792 
-16.192 
-16.412 
-16.792 
-16.712 
-16.292 
-15.892 
-15.412 
-15.252 
-15.272 
-15.472 
-16.012 
-16.392 
-16.552 
-16.772 
-16.772 
-16.552 
-16.012 
-15.632 
-15.352 
-15.232 
-15.392 
-15.892 
-16.092 
-16.452 
-16.312 
-15.932 
-15.252 
-15.232 
-15.332 
-15.612 
-15.972 
-16.532 
-16.672 
-16.772 
-16.712 
-16.572 
-16.232 
-15.852 
-15.672 
-15.232 
-15.672 
-15.872 
-16.397 
-16.857 
-16.977 
-16.797 
-16.097 
-15.717 
-15.357 
-15.837 
-16.037 
-16.757 
-16.857 
-16.957 
-16.757 
-16.017 
-15.837 
-15.337 
-15.457 
-16.317 
-16.497 
-16.797 
-16.957 
-15.782 
-15.542 
-15.742 
-15.882 
-16.542 
-17.022 
-17.142 
-17.142 
-16.762 
-16.582 
-16.402 
-15.582 
-15.522 
-15.522 
-16.862 
-17.002 
-17.142 
-16.982 
-16.842 
-16.482 
-16.082 
-15.742 
-15.263 
-15.403 
-15.783 
-16.163 
-16.343 
-16.803 
-16.843 
-16.723 
-16.623 
-16.103 
-15.803 
-16.043 
-16.163 
-16.663 
-16.743 
-16.823 
-16.683 
-16.183 
-16.063 
-15.863 
-15.783 
-15.823 
-16.103 
-16.343 
-16.643 
-16.383 
-15.803 
-15.783 
-15.843 
-16.143 
-16.743 
-16.803 
-16.843 
-16.703 
-16.483 
-16.123 
-15.970 
-15.810 
-15.710 
-15.450 
-15.190 
-15.750 
-16.010 
-16.850 
-17.070 
-17.410 
-17.490 
-17.430 
-15.810 
-15.570 
-15.270 
-15.290 
-15.630 
-16.130 
-16.410 
-16.950 
-17.330 
-17.450 
-17.470 
-17.230 
-16.790 
-15.950 
-15.230 
-15.330 
-16.530 
-17.330 
-16.390 
-15.850 
-15.410 
-15.290 
-15.210 
-15.590 
-15.810 
-16.370 
-16.910 
-17.310 
-17.490 
-16.301 
-15.821 
-15.541 
-15.521 
-15.941 
-16.401 
-17.101 
-17.421 
-17.461 
-17.201 
-16.521 
-15.481 
-15.541 
-15.821 
-16.501 
-16.981 
-17.461 
-17.501 
-17.121 
-16.681 
-16.181 
-15.481 
-15.581 
-16.861 
-17.261 
-17.481 
-17.041 
-16.821 
-16.581 
-15.701 
-15.561 
-15.521 
-15.641 
-16.721 
-16.941 
-17.441 
-17.932 
-17.592 
-17.152 
-16.432 
-16.072 
-15.892 
-15.872 
-15.912 
-16.412 
-17.272 
-17.432 
-17.392 
-17.312 
-16.492 
-16.312 
-16.012 
-15.892 
-16.312 
-17.052 
-17.432 
-17.432 
-16.972 
-16.592 
-16.232 
-15.972 
-16.212 
-16.572 
-16.952 
-17.112 
-17.372 
-16.892 
-16.712 
-16.332 
-15.952 
-16.132 
-16.292 
-16.652 
-17.012 
-17.422 
-17.542 
-17.502 
-17.282 
-17.122 
-16.222 
-16.102 
-16.002 
-16.062 
-16.302 
-16.662 
-16.842 
-17.202 
-17.542 
-17.542 
-17.202 
-16.162 
-16.002 
-16.362 
-16.542 
-17.102 
-17.262 
-17.562 
-17.502 
-17.302 
-16.962 
-16.242 
-16.002 
-16.622 
-17.562 
-17.482 
-17.382 
-17.242 
-16.502 
-16.202 
-16.022 
-16.002 
-16.202 
-16.342 
-16.567 
-17.107 
-17.427 
-17.307 
-16.727 
-16.587 
-16.327 
-16.187 
-16.207 
-16.487 
-16.787 
-17.107 
-17.347 
-17.467 
-17.367 
-16.987 
-16.667 
-16.227 
-16.227 
-16.707 
-16.847 
-17.387 
-17.447 
-17.467 
-17.327 
-17.067 
-16.607 
-16.247 
-16.207 
-16.207 
-16.467 
-16.767 
-17.007 
-16.847 
-16.707 
-16.187 
-16.227 
-16.527 
-16.982 
-17.282 
-17.422 
-17.582 
-17.622 
-17.502 
-17.102 
-16.782 
-16.482 
-16.282 
-16.342 
-16.682 
-17.002 
-17.302 
-17.542 
-17.602 
-17.462 
-17.342 
-17.022 
-16.302 
-16.462 
-17.222 
-17.482 
-17.602 
-17.582 
-17.402 
-17.282 
-16.962 
-16.522 
-16.402 
-16.522 
-17.422 
-17.622 
-16.902 
-16.742 
-16.462 
-16.302 
-16.282 
-16.719 
-16.939 
-17.239 
-17.699 
-17.919 
-16.899 
-16.519 
-16.299 
-16.259 
-16.259 
-16.439 
-16.959 
-17.379 
-17.719 
-17.859 
-17.879 
-17.219 
-16.459 
-16.279 
-16.359 
-16.659 
-17.259 
-17.639 
-17.959 
-17.919 
-17.699 
-16.919 
-16.739 
-16.419 
-16.419 
-16.719 
-17.699 
-17.919 
-17.639 
-17.459 
-17.059 
-16.659 
-16.359 
-16.339 
-16.807 
-17.407 
-17.787 
-18.067 
-18.167 
-17.907 
-17.747 
-16.727 
-16.567 
-16.427 
-16.667 
-17.027 
-17.847 
-18.147 
-18.107 
-17.847 
-17.467 
-16.527 
-16.387 
-16.567 
-16.907 
-17.347 
-17.547 
-18.127 
-17.947 
-17.787 
-17.367 
-16.947 
-16.607 
-16.387 
-16.507 
-17.427 
-17.967 
-17.287 
-17.067 
-16.893 
-16.593 
-16.913 
-17.093 
-17.513 
-18.073 
-18.293 
-18.293 
-18.213 
-17.533 
-16.753 
-16.573 
-16.593 
-16.793 
-16.973 
-17.373 
-17.793 
-18.133 
-18.313 
-17.853 
-17.653 
-16.613 
-16.553 
-16.613 
-16.873 
-17.253 
-17.693 
-17.873 
-18.193 
-18.293 
-18.113 
-17.573 
-16.773 
-16.653 
-17.773 
-17.953 
-18.233 
-18.053 
-17.893 
-17.473 
-16.873 
-16.977 
-17.057 
-17.377 
-17.797 
-18.017 
-18.517 
-18.597 
-18.617 
-18.177 
-17.717 
-17.057 
-16.757 
-16.677 
-17.177 
-17.397 
-17.877 
-18.457 
-18.617 
-18.557 
-18.277 
-17.617 
-17.177 
-16.677 
-16.897 
-17.057 
-17.497 
-17.737 
-17.957 
-18.617 
-18.517 
-18.217 
-17.997 
-17.077 
-16.817 
-17.137 
-18.617 
-18.477 
-17.657 
-17.437 
-16.854 
-16.794 
-16.874 
-17.134 
-17.574 
-18.034 
-18.274 
-18.614 
-18.774 
-18.774 
-18.234 
-17.994 
-17.534 
-17.114 
-16.834 
-17.234 
-17.674 
-18.354 
-18.674 
-18.754 
-18.674 
-18.134 
-17.654 
-16.914 
-16.874 
-16.974 
-17.314 
-17.994 
-18.714 
-18.774 
-18.734 
-18.454 
-18.034 
-17.334 
-17.034 
-17.194 
-17.634 
-17.934 
-17.344 
-17.204 
-17.124 
-17.364 
-17.764 
-18.464 
-18.824 
-19.004 
-19.004 
-18.484 
-18.024 
-17.384 
-17.224 
-17.064 
-17.264 
-17.424 
-18.324 
-18.724 
-18.964 
-18.604 
-18.404 
-17.304 
-17.064 
-17.184 
-17.504 
-17.944 
-18.624 
-18.924 
-18.984 
-19.004 
-18.524 
-18.304 
-17.404 
-17.144 
-17.584 
-17.804 
-19.289 
-19.269 
-18.029 
-17.809 
-17.489 
-17.369 
-17.729 
-17.929 
-18.369 
-18.969 
-19.189 
-19.089 
-18.589 
-18.369 
-17.549 
-17.369 
-17.389 
-17.809 
-18.469 
-18.669 
-19.029 
-19.209 
-19.049 
-18.709 
-18.269 
-17.509 
-17.349 
-17.349 
-17.529 
-18.109 
-18.549 
-18.949 
-19.169 
-19.109 
-18.409 
-18.169 
-17.749 
-17.369 
-17.469 
-17.769 
-18.649 
-19.009 
-19.090 
-18.470 
-18.250 
-17.690 
-17.570 
-17.510 
-17.670 
-18.030 
-18.730 
-19.150 
-19.390 
-19.430 
-19.090 
-18.890 
-18.650 
-17.790 
-17.630 
-18.130 
-18.590 
-19.030 
-19.210 
-19.430 
-19.330 
-19.010 
-18.310 
-17.890 
-17.550 
-17.650 
-18.450 
-18.690 
-19.110 
-19.390 
-19.450 
-19.110 
-18.690 
-18.450 
-18.230 
-17.510 
-17.590 
-17.790 
-19.544 
-19.144 
-18.704 
-18.064 
-17.784 
-17.724 
-17.904 
-18.464 
-19.344 
-19.484 
-19.644 
-19.444 
-19.284 
-17.984 
-17.764 
-17.744 
-17.964 
-18.344 
-19.024 
-19.224 
-19.644 
-19.524 
-18.984 
-17.804 
-17.724 
-17.864 
-18.424 
-18.664 
-19.124 
-19.584 
-19.644 
-19.584 
-19.464 
-19.304 
-18.424 
-17.764 
-17.724 
-18.731 
-19.191 
-19.611 
-19.231 
-19.011 
-18.171 
-17.951 
-18.071 
-18.831 
-19.291 
-19.671 
-19.851 
-19.711 
-19.351 
-18.911 
-18.251 
-18.111 
-17.951 
-18.111 
-18.471 
-19.171 
-19.571 
-19.851 
-19.771 
-19.471 
-17.931 
-18.051 
-18.571 
-18.791 
-19.631 
-19.831 
-19.811 
-19.571 
-18.951 
-17.951 
-17.991 
-18.786 
-19.006 
-19.466 
-20.186 
-20.126 
-18.726 
-18.526 
-18.266 
-18.246 
-18.346 
-19.146 
-19.586 
-19.926 
-20.086 
-19.906 
-18.646 
-18.466 
-18.226 
-18.206 
-18.406 
-19.006 
-19.466 
-19.986 
-20.086 
-19.966 
-19.666 
-18.406 
-18.466 
-18.666 
-19.106 
-19.546 
-19.906 
-20.086 
-19.926 
-19.366 
-18.906 
-18.486 
-18.430 
-18.450 
-20.150 
-20.250 
-20.170 
-20.050 
-19.010 
-18.670 
-18.510 
-19.030 
-19.230 
-20.090 
-20.310 
-20.270 
-19.990 
-19.590 
-19.150 
-18.570 
-18.590 
-18.950 
-19.350 
-19.970 
-20.230 
-20.310 
-20.190 
-19.690 
-18.670 
-18.630 
-18.670 
-19.070 
-19.450 
-20.130 
-20.250 
-20.090 
-19.790 
-19.230 
-18.958 
-18.738 
-19.398 
-19.578 
-19.918 
-20.058 
-20.178 
-20.298 
-19.798 
-19.478 
-19.198 
-18.998 
-19.218 
-19.358 
-19.498 
-20.098 
-20.198 
-20.218 
-20.038 
-19.738 
-19.018 
-18.998 
-19.058 
-19.418 
-19.718 
-20.018 
-20.218 
-20.258 
-20.098 
-19.838 
-19.518 
-18.998 
-19.018 
-19.198 
-19.638 
-19.938 
-20.238 
-20.278 
-20.238 
-19.918 
-19.618 
-19.298 
-19.326 
-19.526 
-20.126 
-20.266 
-20.386 
-20.266 
-19.966 
-19.806 
-19.266 
-19.166 
-19.186 
-19.766 
-20.086 
-20.346 
-20.426 
-20.346 
-19.726 
-19.566 
-19.186 
-19.206 
-19.506 
-19.666 
-20.286 
-20.486 
-20.486 
-20.286 
-19.986 
-19.826 
-19.226 
-19.426 
-19.726 
-20.066 
-20.426 
-20.526 
-20.366 
-20.086 
-19.606 
-19.483 
-19.323 
-19.423 
-19.643 
-19.963 
-19.843 
-19.703 
-19.463 
-19.383 
-19.523 
-19.943 
-20.263 
-20.643 
-20.723 
-20.543 
-20.263 
-19.783 
-19.523 
-19.363 
-19.463 
-19.843 
-20.163 
-20.463 
-20.663 
-20.683 
-20.503 
-20.203 
-19.883 
-19.403 
-19.383 
-19.623 
-19.903 
-20.243 
-20.623 
-20.723 
-20.563 
-20.443 
-19.983 
-19.703 
-19.623 
-19.703 
-20.083 
-20.883 
-20.763 
-20.303 
-20.143 
-19.823 
-19.563 
-19.903 
-20.083 
-20.423 
-20.843 
-20.963 
-20.843 
-20.583 
-20.423 
-20.243 
-19.923 
-19.623 
-19.603 
-20.003 
-20.323 
-20.923 
-20.763 
-20.503 
-19.803 
-19.683 
-19.843 
-20.083 
-20.503 
-20.743 
-20.863 
-21.103 
-20.903 
-20.163 
-20.063 
-20.163 
-20.483 
-20.603 
-20.943 
-20.883 
-20.683 
-20.263 
-20.123 
-20.163 
-20.243 
-20.323 
-20.623 
-20.823 
-20.923 
-20.963 
-20.923 
-20.743 
-20.223 
-20.183 
-20.243 
-20.403 
-20.683 
-20.843 
-20.943 
-20.943 
-20.783 
-20.603 
-20.403 
-20.243 
-20.343 
-20.523 
-20.723 
-20.883 
-20.963 
-20.963 
-21.054 
-20.814 
-20.614 
-20.454 
-20.334 
-20.334 
-20.474 
-21.294 
-21.294 
-21.194 
-20.874 
-20.754 
-20.434 
-20.314 
-20.314 
-20.434 
-20.634 
-20.974 
-21.174 
-21.294 
-21.234 
-21.054 
-20.494 
-20.414 
-20.314 
-20.394 
-20.454 
-20.914 
-21.034 
-21.214 
-21.294 
-21.214 
-21.054 
-20.954 
-20.614 
-20.394 
-20.374 
-20.534 
-20.634 
-21.074 
-21.288 
-21.428 
-21.148 
-21.028 
-20.808 
-20.568 
-20.528 
-20.808 
-20.928 
-21.048 
-21.508 
-21.448 
-21.248 
-20.888 
-20.768 
-20.528 
-20.528 
-20.848 
-20.968 
-21.428 
-21.548 
-21.548 
-21.488 
-21.308 
-21.088 
-20.968 
-20.548 
-20.628 
-20.908 
-21.028 
-21.368 
-21.448 
-21.528 
-21.488 
-21.348 
-21.048 
-20.828 
-20.628 
-20.628 
-20.668 
-20.888 
-21.088 
-21.348 
-21.623 
-21.603 
-21.483 
-21.303 
-21.103 
-21.023 
-20.863 
-20.903 
-21.043 
-21.503 
-21.563 
-21.623 
-21.523 
-21.363 
-21.263 
-20.923 
-20.883 
-20.923 
-21.003 
-21.443 
-21.583 
-21.643 
-21.623 
-21.503 
-21.423 
-20.963 
-20.903 
-20.863 
-20.963 
-21.123 
-21.483 
-21.603 
-21.643 
-21.603 
-21.463 
-21.183 
-20.863 
-20.923 
-21.063 
-21.343 
-21.500 
-21.540 
-21.580 
-21.460 
-21.300 
-21.040 
-20.980 
-21.020 
-21.140 
-21.460 
-21.780 
-21.480 
-21.080 
-21.020 
-21.100 
-21.280 
-21.600 
-21.780 
-21.880 
-21.860 
-21.680 
-21.500 
-21.120 
-21.040 
-21.100 
-21.260 
-21.560 
-21.740 
-21.880 
-21.880 
-21.640 
-21.440 
-21.160 
-21.060 
-21.140 
-21.609 
-21.709 
-21.849 
-21.889 
-21.849 
-21.629 
-21.449 
-21.309 
-21.249 
-21.209 
-21.249 
-21.309 
-21.849 
-21.929 
-21.929 
-21.409 
-21.209 
-21.209 
-21.269 
-21.669 
-21.829 
-21.949 
-21.929 
-21.829 
-21.689 
-21.529 
-21.389 
-21.269 
-21.329 
-21.549 
-21.709 
-21.849 
-21.929 
-21.909 
-21.809 
-21.569 
-21.489 
-21.289 
-21.240 
-21.500 
-21.680 
-21.840 
-21.880 
-21.780 
-21.680 
-21.580 
-21.500 
-21.460 
-21.680 
-21.740 
-21.780 
-21.660 
-21.600 
-21.460 
-21.460 
-21.540 
-21.640 
-21.760 
-21.840 
-21.880 
-21.840 
-21.740 
-21.700 
-21.560 
-21.520 
-21.540 
-21.580 
-21.680 
-21.860 
-21.820 
-21.720 
-21.580 
-21.500 
-21.600 
-21.632 
-21.792 
-21.852 
-21.812 
-21.772 
-21.632 
-21.592 
-21.632 
-21.672 
-21.832 
-21.912 
-21.732 
-21.632 
-21.312 
-20.172 
-20.252 
-20.692 
-21.372 
-22.512 
-22.832 
-23.252 
-23.312 
-22.392 
-22.032 
-21.632 
-20.152 
-20.312 
-21.152 
-21.932 
-22.952 
-23.292 
-23.132 
-22.912 
-21.872 
-20.238 
-20.178 
-20.598 
-21.638 
-22.398 
-23.178 
-23.278 
-23.058 
-22.818 
-21.418 
-20.758 
-20.338 
-20.258 
-21.838 
-22.198 
-22.978 
-22.378 
-20.658 
-20.438 
-20.238 
-20.418 
-20.638 
-21.238 
-22.358 
-22.958 
-23.238 
-22.858 
-21.858 
-21.138 
-20.258 
-20.338 
-20.738 
-21.038 
-21.398 
-22.798 
-23.218 
-23.198 
-22.758 
-22.078 
-21.338 
-20.338 
-20.264 
-20.844 
-21.164 
-22.244 
-22.844 
-23.184 
-23.164 
-22.824 
-21.924 
-21.244 
-20.524 
-20.404 
-21.424 
-21.764 
-23.124 
-22.724 
-21.424 
-20.824 
-20.404 
-20.504 
-21.564 
-22.244 
-23.044 
-23.224 
-22.864 
-22.304 
-21.624 
-21.284 
-20.724 
-20.444 
-20.784 
-21.704 
-22.384 
-22.924 
-23.204 
-23.144 
-22.764 
-21.824 
-21.084 
-20.324 
-20.404 
-21.424 
-21.744 
-22.664 
-23.044 
-23.004 
-22.624 
-21.704 
-21.384 
-20.624 
-20.504 
-20.424 
-20.504 
-20.884 
-21.804 
-22.424 
-22.284 
-21.984 
-21.324 
-20.464 
-20.444 
-21.004 
-22.264 
-22.544 
-23.104 
-23.044 
-22.724 
-22.164 
-21.504 
-20.444 
-20.484 
-21.104 
-22.384 
-22.644 
-23.084 
-23.084 
-22.057 
-21.737 
-20.457 
-20.477 
-20.577 
-21.577 
-22.217 
-22.757 
-22.937 
-22.917 
-22.477 
-21.537 
-21.237 
-20.457 
-20.437 
-21.377 
-21.797 
-22.237 
-21.817 
-21.197 
-20.857 
-21.077 
-21.677 
-22.097 
-22.437 
-22.617 
-22.477 
-22.157 
-21.297 
-20.977 
-20.837 
-20.917 
-20.837 
-21.297 
-21.497 
-22.117 
-22.537 
-22.377 
-22.237 
-22.057 
-21.237 
-20.937 
-20.857 
-21.037 
-21.377 
-21.797 
-22.337 
-22.537 
-22.517 
-22.317 
-21.157 
-20.897 
-20.837 
-20.957 
-22.537 
-22.537 
-22.257 
-22.077 
-21.677 
-21.097 
-20.957 
-20.837 
-20.997 
-21.497 
-22.257 
-22.377 
-22.497 
-22.157 
-21.777 
-21.377 
-21.037 
-20.837 
-21.197 
-21.377 
-21.884 
-22.244 
-22.504 
-22.544 
-22.324 
-21.564 
-21.204 
-20.884 
-20.924 
-21.304 
-21.684 
-22.084 
-22.544 
-22.404 
-21.904 
-21.484 
-21.144 
-20.924 
-22.444 
-22.444 
-22.044 
-20.824 
-20.164 
-19.864 
-20.204 
-20.904 
-21.764 
-22.984 
-23.424 
-23.324 
-22.764 
-21.064 
-20.664 
-19.844 
-19.904 
-21.044 
-21.424 
-23.004 
-23.364 
-23.324 
-22.884 
-21.704 
-20.844 
-19.864 
-20.164 
-20.824 
-22.104 
-22.864 
-23.324 
-23.424 
-22.364 
-21.944 
-20.684 
-20.084 
-19.544 
-19.624 
-20.144 
-23.664 
-23.664 
-23.324 
-22.584 
-21.604 
-20.224 
-19.664 
-19.684 
-19.944 
-21.204 
-21.704 
-22.684 
-23.684 
-21.404 
-20.904 
-19.604 
-19.604 
-20.084 
-20.864 
-22.344 
-22.784 
-23.624 
-23.324 
-21.124 
-20.224 
-19.664 
-20.244 
-21.664 
-22.164 
-23.564 
-23.644 
-22.864 
-21.924 
-19.784 
-19.524 
-20.044 
-20.864 
-23.464 
-23.624 
-23.584 
-22.684 
-22.224 
-20.724 
-19.944 
-19.524 
-19.864 
-20.604 
-21.584 
-22.984 
-23.544 
-23.644 
-23.524 
-21.004 
-20.144 
-19.524 
-19.564 
-20.344 
-22.284 
-22.744 
-23.424 
-23.604 
-23.424 
-21.304 
-19.724 
-19.604 
-20.124 
-20.984 
-21.484 
-23.264 
-23.504 
-23.324 
-22.584 
-21.104 
-20.204 
-19.644 
-19.524 
-23.624 
-23.584 
-23.164 
-21.904 
-20.904 
-19.804 
-19.564 
-19.584 
-21.744 
-22.244 
-20.584 
-20.184 
-19.804 
-20.104 
-20.484 
-20.284 
-22.304 
-23.304 
-21.504 
-20.664 
-19.844 
-20.424 
-22.084 
-22.804 
-23.304 
-20.904 
-20.184 
-19.984 
-20.564 
-21.384 
-21.824 
-23.164 
-22.764 
-22.004 
-20.724 
-20.084 
-23.284 
-23.164 
-22.624 
-21.844 
-21.404 
-20.244 
-19.984 
-20.184 
-22.184 
-22.564 
-23.264 
-23.304 
-22.084 
-21.664 
-20.804 
-20.124 
-19.904 
-19.744 
-19.844 
-20.024 
-21.504 
-21.924 
-22.704 
-23.304 
-23.184 
-22.324 
-21.484 
-20.644 
-19.824 
-19.784 
-20.444 
-20.824 
-22.504 
-23.264 
-22.864 
-21.284 
-20.864 
-20.164 
-19.744 
-19.984 
-22.264 
-22.944 
-23.284 
-23.024 
-21.544 
-21.124 
-20.344 
-19.764 
-19.884 
-20.244 
-20.884 
-21.684 
-22.444 
-22.964 
-23.164 
-22.944 
-22.024 
-21.224 
-20.184 
-19.864 
-20.084 
-20.684 
-21.444 
-22.244 
-23.044 
-23.144 
-21.864 
-21.464 
-19.924 
-19.864 
-20.484 
-21.624 
-22.024 
-22.704 
-23.164 
-22.984 
-22.444 
-20.544 
-21.784 
-23.124 
-23.144 
-21.924 
-21.524 
-20.144 
-19.844 
-19.944 
-20.144 
-21.944 
-23.084 
-23.124 
-22.164 
-21.764 
-20.604 
-20.284 
-19.904 
-20.024 
-20.244 
-21.724 
-22.464 
-23.124 
-22.004 
-21.184 
-20.184 
-19.964 
-20.104 
-20.704 
-21.484 
-22.864 
-23.044 
-23.144 
-22.844 
-22.224 
-21.424 
-20.664 
-19.864 
-21.244 
-21.644 
-23.104 
-23.104 
-22.964 
-21.664 
-20.224 
-20.004 
-20.064 
-20.184 
-21.264 
-21.664 
-22.064 
-22.884 
-23.004 
-22.144 
-21.764 
-21.004 
-20.344 
-20.104 
-20.544 
-21.244 
-22.004 
-22.844 
-23.024 
-22.964 
-20.784 
-20.464 
-20.004 
-19.864 
-19.944 
-20.364 
-21.404 
-22.484 
-22.744 
-22.904 
-22.724 
-19.884 
-20.824 
-22.824 
-22.844 
-22.624 
-21.224 
-20.524 
-19.904 
-19.924 
-20.304 
-20.597 
-22.077 
-22.397 
-22.977 
-22.897 
-22.477 
-21.437 
-21.037 
-19.917 
-19.837 
-20.377 
-21.057 
-21.817 
-22.897 
-22.977 
-21.657 
-21.277 
-19.877 
-19.817 
-19.797 
-19.957 
-20.177 
-21.557 
-22.257 
-22.897 
-22.877 
-22.497 
-21.857 
-20.717 
-20.037 
-20.937 
-21.317 
-22.917 
-22.817 
-22.637 
-21.317 
-20.577 
-19.797 
-19.371 
-18.831 
-18.991 
-20.111 
-22.771 
-23.131 
-23.531 
-23.111 
-22.731 
-20.611 
-20.111 
-19.071 
-19.891 
-20.371 
-22.511 
-23.251 
-23.531 
-22.951 
-22.051 
-20.391 
-19.911 
-19.031 
-19.071 
-19.631 
-20.071 
-22.691 
-23.091 
-23.531 
-21.271 
-20.711 
-20.191 
-21.371 
-21.911 
-23.531 
-23.331 
-22.611 
-20.491 
-19.991 
-19.391 
-19.171 
-19.371 
-20.591 
-23.571 
-22.411 
-21.871 
-20.731 
-19.711 
-19.051 
-18.911 
-19.331 
-20.191 
-20.731 
-21.871 
-22.871 
-23.231 
-22.691 
-19.991 
-19.531 
-19.191 
-18.951 
-19.151 
-19.911 
-20.971 
-21.551 
-23.351 
-23.591 
-22.931 
-21.971 
-21.411 
-19.791 
-19.091 
-20.631 
-21.211 
-22.311 
-23.171 
-23.451 
-23.571 
-23.151 
-22.771 
-20.251 
-19.091 
-19.291 
-20.491 
-21.571 
-23.291 
-22.451 
-20.871 
-19.871 
-19.491 
-19.051 
-19.751 
-20.711 
-22.771 
-23.391 
-21.731 
-19.351 
-19.131 
-19.071 
-20.391 
-22.511 
-23.251 
-23.451 
-22.951 
-19.071 
-19.131 
-22.231 
-23.491 
-22.337 
-21.817 
-21.277 
-19.397 
-19.037 
-19.457 
-20.857 
-21.957 
-23.517 
-23.397 
-22.697 
-21.097 
-19.297 
-19.097 
-19.277 
-19.597 
-20.537 
-22.177 
-23.077 
-23.297 
-22.497 
-20.337 
-19.477 
-19.037 
-19.397 
-20.757 
-22.397 
-23.597 
-23.437 
-19.337 
-19.117 
-23.017 
-23.337 
-23.337 
-23.017 
-21.537 
-20.417 
-19.057 
-19.117 
-20.657 
-22.777 
-23.437 
-22.837 
-22.377 
-20.737 
-19.397 
-19.037 
-19.877 
-21.457 
-22.957 
-23.617 
-21.637 
-20.517 
-19.277 
-19.077 
-19.297 
-20.577 
-23.397 
-21.957 
-21.397 
-20.297 
-19.457 
-19.797 
-20.797 
-23.237 
-23.597 
-22.737 
-20.097 
-19.657 
-19.557 
-22.637 
-23.317 
-22.977 
-20.397 
-19.917 
-19.137 
-21.817 
-22.817 
-23.597 
-23.197 
-21.257 
-19.737 
-19.057 
-19.217 
-19.897 
-22.037 
-22.977 
-23.557 
-22.637 
-21.037 
-20.597 
-22.737 
-23.417 
-23.257 
-22.437 
-20.277 
-19.797 
-19.157 
-19.437 
-20.837 
-21.937 
-23.397 
-22.717 
-20.577 
-19.637 
-19.597 
-21.057 
-22.157 
-23.077 
-20.897 
-19.877 
-19.037 
-19.017 
-19.317 
-20.457 
-22.617 
-22.917 
-22.017 
-20.657 
-19.437 
-19.597 
-20.217 
-22.757 
-23.157 
-22.917 
-21.837 
-20.477 
-19.757 
-19.477 
-19.997 
-21.737 
-23.177 
-23.037 
-20.717 
-19.417 
-23.117 
-23.157 
-20.656 
-18.536 
-18.096 
-17.496 
-20.496 
-18.696 
-17.176 
-17.477 
-18.617 
-20.857 
-21.217 
-18.317 
-18.637 
-19.157 
-21.237 
-21.717 
-22.137 
-22.357 
-21.997 
-18.857 
-19.977 
-20.517 
-22.337 
-20.437 
-19.177 
-21.957 
-22.117 
-21.777 
-18.937 
-18.377 
-17.897 
-17.197 
-17.497 
-18.877 
-21.737 
-22.097 
-21.997 
-21.617 
-19.917 
-18.157 
-17.717 
-17.337 
-17.617 
-19.137 
-19.757 
-21.897 
-22.194 
-18.794 
-18.294 
-17.654 
-18.374 
-18.834 
-19.914 
-21.934 
-21.454 
-18.974 
-17.594 
-17.534 
-17.614 
-18.554 
-19.594 
-21.114 
-21.794 
-21.974 
-21.874 
-21.294 
-19.814 
-17.694 
-17.554 
-19.274 
-20.854 
-21.294 
-21.634 
-21.794 
-21.134 
-19.054 
-18.154 
-17.614 
-17.774 
-19.494 
-20.574 
-21.754 
-22.194 
-21.614 
-20.714 
-19.114 
-17.734 
-21.674 
-21.834 
-21.774 
-20.394 
-19.374 
-18.474 
-17.874 
-17.854 
-18.414 
-19.314 
-20.314 
-20.794 
-21.874 
-21.854 
-19.674 
-18.714 
-18.014 
-17.734 
-18.214 
-19.034 
-20.034 
-20.534 
-20.974 
-21.874 
-19.974 
-18.974 
-18.174 
-17.734 
-18.034 
-19.234 
-20.234 
-21.134 
-21.734 
-21.734 
-20.274 
-17.834 
-17.754 
-18.154 
-21.294 
-21.594 
-21.874 
-20.994 
-20.074 
-19.554 
-19.054 
-17.734 
-17.994 
-19.154 
-20.154 
-21.434 
-21.854 
-21.774 
-21.234 
-20.354 
-18.874 
-18.114 
-17.734 
-18.874 
-19.354 
-21.234 
-21.774 
-21.854 
-21.694 
-21.074 
-19.654 
-19.154 
-18.694 
-17.794 
-17.774 
-18.234 
-19.054 
-19.454 
-21.274 
-21.734 
-21.494 
-20.794 
-18.874 
-18.114 
-17.894 
-18.114 
-21.714 
-21.814 
-21.654 
-20.614 
-18.694 
-18.314 
-17.814 
-17.794 
-17.954 
-18.614 
-20.034 
-20.954 
-21.614 
-19.934 
-18.954 
-18.174 
-17.774 
-17.854 
-18.054 
-18.774 
-19.734 
-20.234 
-21.694 
-21.814 
-21.114 
-18.374 
-17.854 
-17.754 
-17.774 
-18.534 
-19.353 
-20.793 
-21.173 
-21.733 
-21.493 
-20.413 
-19.453 
-18.553 
-18.193 
-20.993 
-21.333 
-21.713 
-21.733 
-21.613 
-21.393 
-19.733 
-19.253 
-17.853 
-17.733 
-17.893 
-18.473 
-18.873 
-19.833 
-20.773 
-21.153 
-21.733 
-21.693 
-21.273 
-20.493 
-19.533 
-19.053 
-17.793 
-17.793 
-18.253 
-20.513 
-20.933 
-21.733 
-21.433 
-19.333 
-18.113 
-17.873 
-17.853 
-18.233 
-19.093 
-19.593 
-20.533 
-21.253 
-21.453 
-21.553 
-21.193 
-20.473 
-19.093 
-18.313 
-17.813 
-17.973 
-18.553 
-21.353 
-21.513 
-21.333 
-20.713 
-18.913 
-18.193 
-17.853 
-18.353 
-19.153 
-20.073 
-20.893 
-21.213 
-21.553 
-21.453 
-19.633 
-19.173 
-18.753 
-17.773 
-17.933 
-18.493 
-19.793 
-21.033 
-21.493 
-21.533 
-21.113 
-18.993 
-18.573 
-18.131 
-17.731 
-17.911 
-19.431 
-20.331 
-21.311 
-21.471 
-20.891 
-20.091 
-18.751 
-18.051 
-18.331 
-19.151 
-19.611 
-21.371 
-21.311 
-20.751 
-19.451 
-18.571 
-17.751 
-17.691 
-17.731 
-18.491 
-19.351 
-20.671 
-21.271 
-21.471 
-21.411 
-20.591 
-19.251 
-18.411 
-17.711 
-17.691 
-17.991 
-18.651 
-19.091 
-20.431 
-21.131 
-21.471 
-21.131 
-20.431 
-20.011 
-17.991 
-17.811 
-17.711 
-18.451 
-18.851 
-20.611 
-20.971 
-21.391 
-21.451 
-20.171 
-19.711 
-18.071 
-17.691 
-19.471 
-21.091 
-21.431 
-20.811 
-19.071 
-17.671 
-17.691 
-18.051 
-19.211 
-20.131 
-20.911 
-21.371 
-21.411 
-21.251 
-20.991 
-19.331 
-18.891 
-18.131 
-17.711 
-17.651 
-17.891 
-18.951 
-19.391 
-21.031 
-21.271 
-19.611 
-18.791 
-17.871 
-18.391 
-19.211 
-20.931 
-21.231 
-21.311 
-20.311 
-18.491 
-18.131 
-21.311 
-21.471 
-20.551 
-19.651 
-18.011 
-17.771 
-18.271 
-18.671 
-21.171 
-21.491 
-20.371 
-19.451 
-17.891 
-17.631 
-18.431 
-19.771 
-21.011 
-21.071 
-17.751 
-19.091 
-19.991 
-21.091 
-21.371 
-21.031 
-20.331 
-17.691 
-18.831 
-20.911 
-20.571 
-19.271 
-17.871 
-17.691 
-18.591 
-19.011 
-19.471 
-20.351 
-21.371 
-21.391 
-19.531 
-17.991 
-17.791 
-17.691 
-18.071 
-20.091 
-20.871 
-21.351 
-20.671 
-19.391 
-17.791 
-17.731 
-18.571 
-18.971 
-21.211 
-21.371 
-20.811 
-18.731 
-18.351 
-17.731 
-21.211 
-20.671 
-19.851 
-18.231 
-17.771 
-18.171 
-20.611 
-21.191 
-21.131 
-18.791 
-18.411 
-17.871 
-17.731 
-19.071 
-19.971 
-21.051 
-21.251 
-21.031 
-19.051 
-17.991 
-17.811 
-18.131 
-18.831 
-19.711 
-21.151 
-21.331 
-19.751 
-17.771 
-17.791 
-18.251 
-21.231 
-20.791 
-19.571 
-17.831 
-17.751 
-19.631 
-20.471 
-21.291 
-20.251 
-19.831 
-17.791 
-17.931 
-18.931 
-20.291 
-21.231 
-21.411 
-19.231 
-18.131 
-17.871 
-18.371 
-20.031 
-21.391 
-20.371 
-19.951 
-17.791 
-17.951 
-20.951 
-21.371 
-20.611 
-19.311 
-18.491 
-17.791 
-17.771 
-18.031 
-19.511 
-21.071 
-21.411 
-21.311 
-19.571 
-18.711 
-17.771 
-17.911 
-18.831 
-19.674 
-20.874 
-21.154 
-21.334 
-20.654 
-17.754 
-17.814 
-18.974 
-19.414 
-21.234 
-21.374 
-20.494 
-20.074 
-18.394 
-18.094 
-20.814 
-20.714 
-19.014 
-18.254 
-20.554 
-18.314 
-21.274 
-21.274 
-21.354 
-20.234 
-18.914 
-19.294 
-19.934 
-20.314 
-18.554 
-18.254 
-18.374 
-19.434 
-19.754 
-20.574 
-20.754 
-20.794 
-19.914 
-18.694 
-18.474 
-18.294 
-18.934 
-19.554 
-20.454 
-20.654 
-20.354 
-20.094 
-19.134 
-18.594 
-18.354 
-19.054 
-19.694 
-20.534 
-20.714 
-20.814 
-20.514 
-20.254 
-18.734 
-18.494 
-18.234 
-18.274 
-20.614 
-20.854 
-20.134 
-19.194 
-18.634 
-18.214 
-18.234 
-19.014 
-19.314 
-20.254 
-20.694 
-20.014 
-18.974 
-18.654 
-18.174 
-18.194 
-18.414 
-19.394 
-20.874 
-19.174 
-18.294 
-18.114 
-18.274 
-18.534 
-19.534 
-19.914 
-20.774 
-20.994 
-20.114 
-18.714 
-18.414 
-18.074 
-20.434 
-20.714 
-20.994 
-20.854 
-19.994 
-19.254 
-18.334 
-18.134 
-18.814 
-19.914 
-20.254 
-20.974 
-20.954 
-20.754 
-19.474 
-19.114 
-18.594 
-18.394 
-18.534 
-18.734 
-20.014 
-20.594 
-21.034 
-21.014 
-19.874 
-18.894 
-18.274 
-18.234 
-19.134 
-20.694 
-20.994 
-20.654 
-19.394 
-18.354 
-18.294 
-19.614 
-20.274 
-20.954 
-20.554 
-19.554 
-18.694 
-17.694 
-17.554 
-18.674 
-21.334 
-21.494 
-20.874 
-20.454 
-18.456 
-17.936 
-18.116 
-19.196 
-19.676 
-21.596 
-21.716 
-19.276 
-18.836 
-17.816 
-17.956 
-19.876 
-21.176 
-21.696 
-18.736 
-18.216 
-17.496 
-17.656 
-21.736 
-21.736 
-18.516 
-17.496 
-19.916 
-20.516 
-21.056 
-22.096 
-22.196 
-21.916 
-19.177 
-17.617 
-17.297 
-17.777 
-22.377 
-19.797 
-18.537 
-17.977 
-17.217 
-17.517 
-20.437 
-21.577 
-22.277 
-22.377 
-21.857 
-20.817 
-18.877 
-18.297 
-17.037 
-21.277 
-22.357 
-20.557 
-17.257 
-17.037 
-18.417 
-20.337 
-21.937 
-22.397 
-20.917 
-18.134 
-17.454 
-17.894 
-20.214 
-21.454 
-22.514 
-22.454 
-17.654 
-17.134 
-17.994 
-19.174 
-21.674 
-22.414 
-22.034 
-18.434 
-17.494 
-21.354 
-22.254 
-21.854 
-20.114 
-18.214 
-17.114 
-17.494 
-18.434 
-20.374 
-22.196 
-18.836 
-16.796 
-17.096 
-18.676 
-20.136 
-22.076 
-22.496 
-22.736 
-19.356 
-16.816 
-16.936 
-18.956 
-20.436 
-22.256 
-22.816 
-22.656 
-19.056 
-17.776 
-16.836 
-17.936 
-22.436 
-22.536 
-22.136 
-18.776 
-18.116 
-16.896 
-17.176 
-18.176 
-21.016 
-22.756 
-22.616 
-20.576 
-17.796 
-17.296 
-17.256 
-17.756 
-19.836 
-21.896 
-22.636 
-21.096 
-16.856 
-16.736 
-18.656 
-19.396 
-22.536 
-22.796 
-22.056 
-21.496 
-17.396 
-20.456 
-21.836 
-20.516 
-16.896 
-17.896 
-18.536 
-20.756 
-22.016 
-22.776 
-22.816 
-21.596 
-19.456 
-18.056 
-16.816 
-16.836 
-17.576 
-20.316 
-21.696 
-21.936 
-20.636 
-19.136 
-16.936 
-16.756 
-17.796 
-19.876 
-22.356 
-22.636 
-20.836 
-16.836 
-22.796 
-22.816 
-22.336 
-18.356 
-17.736 
-17.816 
-21.936 
-22.396 
-22.776 
-20.956 
-19.476 
-16.716 
-22.136 
-22.536 
-18.456 
-17.836 
-16.736 
-16.716 
-17.236 
-19.036 
-20.516 
-22.316 
-22.596 
-18.876 
-18.196 
-16.716 
-17.016 
-22.056 
-22.476 
-22.836 
-20.796 
-17.936 
-17.396 
-16.716 
-17.156 
-19.656 
-20.396 
-22.256 
-22.616 
-22.816 
-19.736 
-18.996 
-16.876 
-18.496 
-22.416 
-22.716 
-19.436 
-16.716 
-16.816 
-19.516 
-20.276 
-20.996 
-22.796 
-22.836 
-20.616 
-17.276 
-16.916 
-22.676 
-22.836 
-21.036 
-20.316 
-17.556 
-16.816 
-16.995 
-18.615 
-22.055 
-22.715 
-22.395 
-19.955 
-18.495 
-16.935 
-16.715 
-16.815 
-18.915 
-22.595 
-22.775 
-18.915 
-17.135 
-16.715 
-16.935 
-19.975 
-22.395 
-22.695 
-22.715 
-17.955 
-16.995 
-17.035 
-21.595 
-21.695 
-20.855 
-19.155 
-17.735 
-17.475 
-18.155 
-19.195 
-20.895 
-21.735 
-22.035 
-21.875 
-21.135 
-19.495 
-17.395 
-17.575 
-17.915 
-20.595 
-21.095 
-22.075 
-19.255 
-18.195 
-17.455 
-18.095 
-19.695 
-20.275 
-21.675 
-21.935 
-22.075 
-20.735 
-17.355 
-17.855 
-21.455 
-21.795 
-19.935 
-18.275 
-17.355 
-17.315 
-17.655 
-19.015 
-19.575 
-22.055 
-21.295 
-19.695 
-18.575 
-17.455 
-17.335 
-17.795 
-19.235 
-20.935 
-21.855 
-18.355 
-17.915 
-17.375 
-17.595 
-18.395 
-20.635 
-22.075 
-21.975 
-21.375 
-19.795 
-17.475 
-17.335 
-17.455 
-21.895 
-18.981 
-17.561 
-19.981 
-20.541 
-21.501 
-22.081 
-20.481 
-19.901 
-18.261 
-17.541 
-18.521 
-19.621 
-20.761 
-22.081 
-21.661 
-18.541 
-17.441 
-20.981 
-21.421 
-22.081 
-22.041 
-21.081 
-20.001 
-17.261 
-17.121 
-20.361 
-19.721 
-17.921 
-17.181 
-18.501 
-19.761 
-22.321 
-19.441 
-17.341 
-17.101 
-17.681 
-21.581 
-19.181 
-17.561 
-17.041 
-21.861 
-22.321 
-22.141 
-20.841 
-22.261 
-22.341 
-21.661 
-17.441 
-17.021 
-17.461 
-19.381 
-20.101 
-21.941 
-22.561 
-16.701 
-21.661 
-22.121 
-21.501 
-20.181 
-18.741 
-17.081 
-16.981 
-17.381 
-20.681 
-22.281 
-22.241 
-21.801 
-19.881 
-19.161 
-18.461 
-16.721 
-18.161 
-22.401 
-22.581 
-22.182 
-20.922 
-19.402 
-17.382 
-16.682 
-16.962 
-18.682 
-20.902 
-22.482 
-22.742 
-21.802 
-18.302 
-16.802 
-16.602 
-17.142 
-18.262 
-21.182 
-22.742 
-22.482 
-20.202 
-18.022 
-16.582 
-16.662 
-17.322 
-18.542 
-21.442 
-22.002 
-21.902 
-16.582 
-17.542 
-22.202 
-22.784 
-22.424 
-21.284 
-19.084 
-16.984 
-16.864 
-17.924 
-18.544 
-19.944 
-21.844 
-22.564 
-21.444 
-20.804 
-18.064 
-17.544 
-16.824 
-17.204 
-19.524 
-20.244 
-21.544 
-22.404 
-22.624 
-22.664 
-16.844 
-17.364 
-19.824 
-21.184 
-22.404 
-21.544 
-18.164 
-17.624 
-16.824 
-17.144 
-19.104 
-22.364 
-22.264 
-19.644 
-17.624 
-16.804 
-16.864 
-17.764 
-20.604 
-21.284 
-22.744 
-22.684 
-20.844 
-19.384 
-16.984 
-16.724 
-17.004 
-18.004 
-21.544 
-22.084 
-22.744 
-22.304 
-21.244 
-16.864 
-16.664 
-16.644 
-18.984 
-20.464 
-22.264 
-22.724 
-21.604 
-19.504 
-17.504 
-21.964 
-22.384 
-22.724 
-21.344 
-17.804 
-17.284 
-17.104 
-17.564 
-21.064 
-22.184 
-22.544 
-19.624 
-18.864 
-18.184 
-16.664 
-18.444 
-19.164 
-20.664 
-22.764 
-17.644 
-16.724 
-19.464 
-22.804 
-23.024 
-22.864 
-21.944 
-18.844 
-18.064 
-16.867 
-16.967 
-19.027 
-22.787 
-20.207 
-18.547 
-16.407 
-17.187 
-19.367 
-21.727 
-23.047 
-22.967 
-21.447 
-20.687 
-18.227 
-16.967 
-16.307 
-16.507 
-18.887 
-19.727 
-22.007 
-23.087 
-22.427 
-19.507 
-18.687 
-17.267 
-16.367 
-16.627 
-18.427 
-19.227 
-22.247 
-23.007 
-22.207 
-20.807 
-16.347 
-16.447 
-17.327 
-22.467 
-22.507 
-19.647 
-17.387 
-16.347 
-16.987 
-20.747 
-22.147 
-23.027 
-22.307 
-17.147 
-16.287 
-16.527 
-20.127 
-21.667 
-22.987 
-22.167 
-19.947 
-17.007 
-16.347 
-16.827 
-17.367 
-18.807 
-20.467 
-21.927 
-22.887 
-22.867 
-21.227 
-18.007 
-17.347 
-16.307 
-17.027 
-19.147 
-19.967 
-22.187 
-23.107 
-19.247 
-18.447 
-16.307 
-18.427 
-21.847 
-21.667 
-21.227 
-20.269 
-19.029 
-17.589 
-18.989 
-22.169 
-22.289 
-20.469 
-17.569 
-17.089 
-17.989 
-19.149 
-20.429 
-21.049 
-21.989 
-22.369 
-19.549 
-18.909 
-17.069 
-17.129 
-18.769 
-19.409 
-22.349 
-22.309 
-19.929 
-19.289 
-17.069 
-19.029 
-20.329 
-21.489 
-21.929 
-21.909 
-19.731 
-16.991 
-20.571 
-21.231 
-22.491 
-22.111 
-19.511 
-18.811 
-17.091 
-20.131 
-22.671 
-22.751 
-22.631 
-18.071 
-17.391 
-16.951 
-18.251 
-19.911 
-23.111 
-17.771 
-17.151 
-16.351 
-16.691 
-20.251 
-21.071 
-23.171 
-23.011 
-19.733 
-18.893 
-16.393 
-22.533 
-23.153 
-22.553 
-19.653 
-16.313 
-16.353 
-16.593 
-19.153 
-19.993 
-20.813 
-23.173 
-23.093 
-19.313 
-17.753 
-16.293 
-16.753 
-18.673 
-19.493 
-22.453 
-22.893 
-23.133 
-18.953 
-18.173 
-16.313 
-16.333 
-18.213 
-21.453 
-22.133 
-22.653 
-22.433 
-21.813 
-17.853 
-16.713 
-17.133 
-23.033 
-22.693 
-21.553 
-19.153 
-17.073 
-16.553 
-16.913 
-18.113 
-20.533 
-23.133 
-23.133 
-19.633 
-18.813 
-18.053 
-16.373 
-16.673 
-17.713 
-20.053 
-21.613 
-22.773 
-20.933 
-17.773 
-16.713 
-16.513 
-17.353 
-18.753 
-20.393 
-21.893 
-22.473 
-22.993 
-22.073 
-16.593 
-16.413 
-19.933 
-23.153 
-22.833 
-21.053 
-18.633 
-17.273 
-21.073 
-22.393 
-23.153 
-22.653 
-19.093 
-16.413 
-16.413 
-18.973 
-20.613 
-22.953 
-22.873 
-17.353 
-16.453 
-17.773 
-18.513 
-22.773 
-23.013 
-21.593 
-20.033 
-17.693 
-17.113 
-16.373 
-21.953 
-22.553 
-18.893 
-17.433 
-16.653 
-17.073 
-18.373 
-21.573 
-21.733 
-17.813 
-17.213 
-16.493 
-16.793 
-17.933 
-21.133 
-22.873 
-22.993 
-21.453 
-16.593 
-16.393 
-17.553 
-19.013 
-22.113 
-22.993 
-22.433 
-18.693 
-17.933 
-16.733 
-22.353 
-21.613 
-20.853 
-17.133 
-16.713 
-18.133 
-21.993 
-23.133 
-21.993 
-19.713 
-18.133 
-16.433 
-16.473 
-20.053 
-23.053 
-23.173 
-22.793 
-17.833 
-16.773 
-17.373 
-20.393 
-21.193 
-23.153 
-22.993 
-22.113 
-17.093 
-16.513 
-19.133 
-22.153 
-22.433 
-20.373 
-18.013 
-16.893 
-17.993 
-20.353 
-22.453 
-23.213 
-20.033 
-17.733 
-17.173 
-17.073 
-19.073 
-20.713 
-22.173 
-23.253 
-18.913 
-18.153 
-16.993 
-16.833 
-18.613 
-20.253 
-23.233 
-23.333 
-22.933 
-20.273 
-17.313 
-22.653 
-23.313 
-22.753 
-20.753 
-17.653 
-16.733 
-17.193 
-18.473 
-22.853 
-23.333 
-21.233 
-18.033 
-16.933 
-17.413 
-22.013 
-20.953 
-17.213 
-16.793 
-16.733 
-17.113 
-19.133 
-21.593 
-23.373 
-23.353 
-21.413 
-19.773 
-18.193 
-16.613 
-17.933 
-23.293 
-21.093 
-18.633 
-16.853 
-16.693 
-17.553 
-20.673 
-23.373 
-23.373 
-22.233 
-18.313 
-16.813 
-20.173 
-23.253 
-23.393 
-21.973 
-18.013 
-16.913 
-16.533 
-18.853 
-22.653 
-23.093 
-23.333 
-21.673 
-18.433 
-16.553 
-21.653 
-23.353 
-22.093 
-18.133 
-17.473 
-16.493 
-17.913 
-21.133 
-21.893 
-21.793 
-20.213 
-17.833 
-16.793 
-16.653 
-19.813 
-20.653 
-23.353 
-22.753 
-18.253 
-16.513 
-16.753 
-19.273 
-20.113 
-23.193 
-21.893 
-17.333 
-23.213 
-23.253 
-20.773 
-17.093 
-16.693 
-17.653 
-19.113 
-22.213 
-23.093 
-20.433 
-18.033 
-16.593 
-18.653 
-22.913 
-23.253 
-19.273 
-17.133 
-16.313 
-19.633 
-23.073 
-21.513 
-18.993 
-16.333 
-16.993 
-17.593 
-23.273 
-22.553 
-17.513 
-16.353 
-16.173 
-16.553 
-17.873 
-21.453 
-23.553 
-22.933 
-17.653 
-15.673 
-16.613 
-19.173 
-22.053 
-23.753 
-23.733 
-19.013 
-15.193 
-18.433 
-20.673 
-23.473 
-24.013 
-23.533 
-22.793 
-15.433 
-14.593 
-14.973 
-17.533 
-20.833 
-19.573 
-16.113 
-14.553 
-16.413 
-18.513 
-23.313 
-22.433 
-21.473 
-19.153 
-15.993 
-14.853 
-15.253 
-19.033 
-21.193 
-23.513 
-23.373 
-18.753 
-15.113 
-14.613 
-15.033 
-18.953 
-20.193 
-23.253 
-23.813 
-21.213 
-17.873 
-16.033 
-14.833 
-21.693 
-22.833 
-22.633 
-18.293 
-15.133 
-15.933 
-19.613 
-21.653 
-23.773 
-23.373 
-19.013 
-15.073 
-15.013 
-17.793 
-23.413 
-23.973 
-19.793 
-17.633 
-15.353 
-15.053 
-17.253 
-23.053 
-23.813 
-23.013 
-22.273 
-20.353 
-17.153 
-17.993 
-24.093 
-23.513 
-18.073 
-14.753 
-15.393 
-22.033 
-22.293 
-18.793 
-16.453 
-13.913 
-14.013 
-14.453 
-17.313 
-18.613 
-21.153 
-24.713 
-17.113 
-13.913 
-14.093 
-14.673 
-19.173 
-20.513 
-24.453 
-24.793 
-17.873 
-15.553 
-13.873 
-14.753 
-23.973 
-16.193 
-14.453 
-15.233 
-18.133 
-21.613 
-24.133 
-23.813 
-19.033 
-15.813 
-15.093 
-15.533 
-20.853 
-22.553 
-23.333 
-22.273 
-15.853 
-15.333 
-15.733 
-16.413 
-20.313 
-21.273 
-23.273 
-23.493 
-23.193 
-20.073 
-16.233 
-20.733 
-22.873 
-21.413 
-17.413 
-16.533 
-15.233 
-17.233 
-19.233 
-23.453 
-19.013 
-17.973 
-17.033 
-15.073 
-15.953 
-17.633 
-19.673 
-22.393 
-20.633 
-19.613 
-14.633 
-17.793 
-18.893 
-22.033 
-23.533 
-23.053 
-18.153 
-16.193 
-14.953 
-17.173 
-22.373 
-20.273 
-14.813 
-16.033 
-22.773 
-23.773 
-21.393 
-17.013 
-14.773 
-14.513 
-15.133 
-15.853 
-21.071 
-23.351 
-23.651 
-22.051 
-17.691 
-14.991 
-14.371 
-17.191 
-18.291 
-22.151 
-22.731 
-22.071 
-21.291 
-16.431 
-15.151 
-15.771 
-22.611 
-17.211 
-16.331 
-14.951 
-18.551 
-19.491 
-22.691 
-22.771 
-19.111 
-18.171 
-15.371 
-15.091 
-16.351 
-18.931 
-20.751 
-22.751 
-22.471 
-21.351 
-16.191 
-15.151 
-15.451 
-16.651 
-19.331 
-21.791 
-22.651 
-22.311 
-20.211 
-15.491 
-15.711 
-22.731 
-21.491 
-20.711 
-17.991 
-15.351 
-17.371 
-19.191 
-21.691 
-21.871 
-21.191 
-18.551 
-16.831 
-15.311 
-15.331 
-16.231 
-18.691 
-21.951 
-20.871 
-20.011 
-15.911 
-15.471 
-15.931 
-16.571 
-19.151 
-20.911 
-21.651 
-22.751 
-21.991 
-19.631 
-15.331 
-15.651 
-17.691 
-22.351 
-21.071 
-18.391 
-15.271 
-15.451 
-19.911 
-21.551 
-22.811 
-22.591 
-18.931 
-15.409 
-16.709 
-18.389 
-21.069 
-22.809 
-22.709 
-21.849 
-17.589 
-16.089 
-15.169 
-16.229 
-19.649 
-21.989 
-22.789 
-21.589 
-16.469 
-15.869 
-21.629 
-22.449 
-17.749 
-16.909 
-15.269 
-15.589 
-16.809 
-20.389 
-22.649 
-19.209 
-18.269 
-15.469 
-16.389 
-19.869 
-22.129 
-22.769 
-19.749 
-15.329 
-15.169 
-17.489 
-21.069 
-21.789 
-22.789 
-21.809 
-17.529 
-15.249 
-21.389 
-22.749 
-22.149 
-18.049 
-17.189 
-15.449 
-20.089 
-21.709 
-22.669 
-22.769 
-20.671 
-17.071 
-15.831 
-15.471 
-18.731 
-21.971 
-22.451 
-19.231 
-18.311 
-16.691 
-15.391 
-17.351 
-19.111 
-20.871 
-22.791 
-22.751 
-21.411 
-20.631 
-17.131 
-15.351 
-16.231 
-22.671 
-19.391 
-15.691 
-15.411 
-17.211 
-19.871 
-22.551 
-20.836 
-19.076 
-16.596 
-16.016 
-16.196 
-16.856 
-19.436 
-20.336 
-22.416 
-22.816 
-21.996 
-16.336 
-15.896 
-18.896 
-19.796 
-22.576 
-22.856 
-20.156 
-17.476 
-16.716 
-15.456 
-15.676 
-22.336 
-22.716 
-22.896 
-21.456 
-20.656 
-15.896 
-15.556 
-17.036 
-20.536 
-21.996 
-22.876 
-22.736 
-19.396 
-18.476 
-16.816 
-15.416 
-15.616 
-17.356 
-20.896 
-21.656 
-22.636 
-22.196 
-20.796 
-17.256 
-16.536 
-15.956 
-15.416 
-16.236 
-19.496 
-22.456 
-22.916 
-19.556 
-17.736 
-16.276 
-15.476 
-22.616 
-22.896 
-20.936 
-20.076 
-16.036 
-15.636 
-16.776 
-18.416 
-21.096 
-21.816 
-22.416 
-22.596 
-22.096 
-17.936 
-17.116 
-15.576 
-16.436 
-18.856 
-22.596 
-22.876 
-22.776 
-19.356 
-18.436 
-15.736 
-15.476 
-15.696 
-17.456 
-20.996 
-21.736 
-22.336 
-22.176 
-21.536 
-18.076 
-17.236 
-15.976 
-17.816 
-22.936 
-22.816 
-22.476 
-19.516 
-18.596 
-15.796 
-15.516 
-15.476 
-18.176 
-19.979 
-22.239 
-21.659 
-20.919 
-17.399 
-16.659 
-15.559 
-15.839 
-18.619 
-19.519 
-21.939 
-17.879 
-17.079 
-15.519 
-15.659 
-18.079 
-21.559 
-22.199 
-22.659 
-22.759 
-16.779 
-16.179 
-20.259 
-21.099 
-22.399 
-22.159 
-20.719 
-17.199 
-16.499 
-15.919 
-20.519 
-21.319 
-22.859 
-22.359 
-17.599 
-16.839 
-16.219 
-15.539 
-18.359 
-22.339 
-22.739 
-20.759 
-19.899 
-18.079 
-15.659 
-15.499 
-16.399 
-17.059 
-22.019 
-22.839 
-21.919 
-20.399 
-16.959 
-15.839 
-21.639 
-22.899 
-20.899 
-20.039 
-16.659 
-16.079 
-16.939 
-17.719 
-21.899 
-21.319 
-16.339 
-15.839 
-16.499 
-21.519 
-22.619 
-22.719 
-22.319 
-17.479 
-15.479 
-15.719 
-18.419 
-20.219 
-21.799 
-22.579 
-22.099 
-17.959 
-17.139 
-16.439 
-20.579 
-21.379 
-21.839 
-21.139 
-16.839 
-15.739 
-16.079 
-16.659 
-20.939 
-22.279 
-22.879 
-18.119 
-17.279 
-15.999 
-15.799 
-19.539 
-20.439 
-22.799 
-22.919 
-19.559 
-18.639 
-15.619 
-18.999 
-20.779 
-22.199 
-22.639 
-22.879 
-22.279 
-18.259 
-16.679 
-15.659 
-15.739 
-16.839 
-22.759 
-22.919 
-22.559 
-18.799 
-17.899 
-15.579 
-16.439 
-18.859 
-19.759 
-20.639 
-22.579 
-22.919 
-22.379 
-20.239 
-15.479 
-16.099 
-17.459 
-21.719 
-22.159 
-15.959 
-15.459 
-16.339 
-17.799 
-21.299 
-22.819 
-22.799 
-19.499 
-16.259 
-15.779 
-15.639 
-22.219 
-22.899 
-20.879 
-20.019 
-16.039 
-16.879 
-17.659 
-21.179 
-22.439 
-22.839 
-19.659 
-17.859 
-15.859 
-16.479 
-17.179 
-21.479 
-22.139 
-22.859 
-21.759 
-15.699 
-15.479 
-16.759 
-21.039 
-22.359 
-22.859 
-22.599 
-19.799 
-18.899 
-17.999 
-15.459 
-15.539 
-16.379 
-20.679 
-20.659 
-20.199 
-19.079 
-17.519 
-18.519 
-19.299 
-20.059 
-20.599 
-20.739 
-20.379 
-20.059 
-19.319 
-18.179 
-17.559 
-17.519 
-18.679 
-19.459 
-20.179 
-20.759 
-20.699 
-20.259 
-18.379 
-17.799 
-17.539 
-17.839 
-18.459 
-19.999 
-20.299 
-20.719 
-20.639 
-18.599 
-18.239 
-17.719 
-17.579 
-18.599 
-20.139 
-20.559 
-20.299 
-19.822 
-18.642 
-17.742 
-17.822 
-18.262 
-18.962 
-19.722 
-20.582 
-20.122 
-19.782 
-19.022 
-18.042 
-17.702 
-17.862 
-18.402 
-19.502 
-20.202 
-20.662 
-20.782 
-20.302 
-19.982 
-18.202 
-17.942 
-17.682 
-17.962 
-18.542 
-19.662 
-20.002 
-20.702 
-20.762 
-20.162 
-19.102 
-18.722 
-18.082 
-17.662 
-17.702 
-20.422 
-20.622 
-20.762 
-20.582 
-20.588 
-19.488 
-18.328 
-18.228 
-18.208 
-18.888 
-19.468 
-20.248 
-20.308 
-19.828 
-18.708 
-18.508 
-18.248 
-18.348 
-19.008 
-19.288 
-20.468 
-20.528 
-19.728 
-18.868 
-18.428 
-18.208 
-18.408 
-19.408 
-19.708 
-20.508 
-20.128 
-19.308 
-18.768 
-18.208 
-18.488 
-19.631 
-21.231 
-21.131 
-19.651 
-18.851 
-18.751 
-18.851 
-19.011 
-19.431 
-20.171 
-20.711 
-20.791 
-20.491 
-19.551 
-18.931 
-18.811 
-18.731 
-19.071 
-19.531 
-20.271 
-20.751 
-20.791 
-20.431 
-20.231 
-19.511 
-18.831 
-19.031 
-19.891 
-20.351 
-20.691 
-20.811 
-20.531 
-19.411 
-18.831 
-19.549 
-21.389 
-21.029 
-20.829 
-20.089 
-19.629 
-19.169 
-19.289 
-19.849 
-20.109 
-20.829 
-21.149 
-21.089 
-20.729 
-19.749 
-19.529 
-19.169 
-19.229 
-19.709 
-19.949 
-20.909 
-21.069 
-21.149 
-20.629 
-19.649 
-19.449 
-19.189 
-19.269 
-20.049 
-20.289 
-20.929 
-21.069 
-21.049 
-20.889 
-19.989 
-19.369 
-20.149 
-20.389 
-21.836 
-22.016 
-21.676 
-21.456 
-20.716 
-20.176 
-19.516 
-19.856 
-20.076 
-21.136 
-21.356 
-21.736 
-21.356 
-20.596 
-20.336 
-19.516 
-20.176 
-20.976 
-21.216 
-21.736 
-21.476 
-20.476 
-20.216 
-19.536 
-19.516 
-20.276 
-21.076 
-21.316 
-21.736 
-21.676 
-21.176 
-19.896 
-21.139 
-22.479 
-22.459 
-21.779 
-21.479 
-20.299 
-20.099 
-19.879 
-19.979 
-20.359 
-21.239 
-21.839 
-22.279 
-21.939 
-21.359 
-20.439 
-20.039 
-19.939 
-20.259 
-21.119 
-22.239 
-22.399 
-21.839 
-21.539 
-20.899 
-20.119 
-19.899 
-19.979 
-20.139 
-20.619 
-21.239 
-21.859 
-22.439 
-22.479 
-21.419 
-21.982 
-21.442 
-21.142 
-21.662 
-22.582 
-22.882 
-23.402 
-23.642 
-23.382 
-22.502 
-21.782 
-20.962 
-20.742 
-21.082 
-21.982 
-22.342 
-23.602 
-22.702 
-21.082 
-20.982 
-22.182 
-22.882 
-23.602 
-23.702 
-22.902 
-22.202 
-21.222 
-20.842 
-20.882 
-21.322 
-22.342 
-23.022 
-23.522 
-23.702 
-23.362 
-23.230 
-22.890 
-22.150 
-23.290 
-23.630 
-24.270 
-24.710 
-24.350 
-23.290 
-22.470 
-21.570 
-21.590 
-23.350 
-24.090 
-24.610 
-24.750 
-23.910 
-23.130 
-22.310 
-21.970 
-21.490 
-21.490 
-21.970 
-22.690 
-23.510 
-24.490 
-24.110 
-23.750 
-22.950 
-21.850 
-21.450 
-21.430 
-21.790 
-22.870 
-23.670 
-24.570 
-24.750 
-24.290 
-23.970 
-22.390 
-21.730 
-23.722 
-24.542 
-25.762 
-25.882 
-25.242 
-24.862 
-23.542 
-22.762 
-22.302 
-22.222 
-22.402 
-22.962 
-25.142 
-25.942 
-25.782 
-25.202 
-24.362 
-23.922 
-23.102 
-22.522 
-22.362 
-22.922 
-23.722 
-25.082 
-25.802 
-26.162 
-26.082 
-24.382 
-23.522 
-22.682 
-22.602 
-22.982 
-23.302 
-24.142 
-25.062 
-25.502 
-26.442 
-24.482 
-24.042 
-24.614 
-24.214 
-24.174 
-26.794 
-27.534 
-27.934 
-27.634 
-26.914 
-25.434 
-23.994 
-23.894 
-24.614 
-25.534 
-26.994 
-27.714 
-27.994 
-27.814 
-25.774 
-25.274 
-23.934 
-24.474 
-24.834 
-25.774 
-27.194 
-27.814 
-26.554 
-26.054 
-25.074 
-24.294 
-24.214 
-24.954 
-25.914 
-26.894 
-27.974 
-27.594 
-28.244 
-25.904 
-25.384 
-27.524 
-29.104 
-29.284 
-29.064 
-28.344 
-26.844 
-25.924 
-25.144 
-25.124 
-25.464 
-26.204 
-26.684 
-28.624 
-29.324 
-28.944 
-28.164 
-27.184 
-26.184 
-25.244 
-25.164 
-26.004 
-26.464 
-28.444 
-29.384 
-26.504 
-25.684 
-25.224 
-26.244 
-26.704 
-27.724 
-28.984 
-29.384 
-29.304 
-29.975 
-28.575 
-29.195 
-30.055 
-30.675 
-30.275 
-29.515 
-28.555 
-27.235 
-26.935 
-26.735 
-26.895 
-28.475 
-28.955 
-29.875 
-30.675 
-29.795 
-29.335 
-27.895 
-27.455 
-26.695 
-26.795 
-27.335 
-28.675 
-29.635 
-30.375 
-30.055 
-29.655 
-29.195 
-28.215 
-27.055 
-26.755 
-27.155 
-28.875 
-29.355 
-30.195 
-30.775 
-31.522 
-29.782 
-28.222 
-28.042 
-28.562 
-31.402 
-32.242 
-32.142 
-30.742 
-28.802 
-28.462 
-28.062 
-28.402 
-29.642 
-30.162 
-30.662 
-32.122 
-32.222 
-31.462 
-31.022 
-29.062 
-28.662 
-28.042 
-28.082 
-28.902 
-29.862 
-30.862 
-31.702 
-32.182 
-30.862 
-29.862 
-28.142 
-28.742 
-29.142 
-30.602 
-31.082 
-33.272 
-33.412 
-32.732 
-32.312 
-30.432 
-30.072 
-32.532 
-32.952 
-33.532 
-33.352 
-32.612 
-31.152 
-30.292 
-29.752 
-29.672 
-30.852 
-32.312 
-32.772 
-33.712 
-33.672 
-32.872 
-32.452 
-30.572 
-30.212 
-29.732 
-29.992 
-31.132 
-31.612 
-32.992 
-33.592 
-33.432 
-32.272 
-30.852 
-29.912 
-29.932 
-30.172 
-30.932 
-32.352 
-34.938 
-35.018 
-34.838 
-33.798 
-32.858 
-31.378 
-32.058 
-35.138 
-35.058 
-34.058 
-32.678 
-31.918 
-31.478 
-31.658 
-32.678 
-33.138 
-34.058 
-35.058 
-34.958 
-34.678 
-33.438 
-32.538 
-31.838 
-31.498 
-31.818 
-32.918 
-34.258 
-34.638 
-35.218 
-33.238 
-31.738 
-31.558 
-31.538 
-31.938 
-33.861 
-35.201 
-36.201 
-36.361 
-36.201 
-34.501 
-33.221 
-35.881 
-36.401 
-35.841 
-35.521 
-34.781 
-33.741 
-33.261 
-33.421 
-34.601 
-34.981 
-35.701 
-36.221 
-36.381 
-36.261 
-35.421 
-35.041 
-33.681 
-33.481 
-33.321 
-33.541 
-34.061 
-35.161 
-36.121 
-36.301 
-36.221 
-35.321 
-34.581 
-33.661 
-33.461 
-33.641 
-34.201 
-35.839 
-36.859 
-37.279 
-37.259 
-37.099 
-36.039 
-35.739 
-35.099 
-35.339 
-36.739 
-37.359 
-37.059 
-35.939 
-35.419 
-35.039 
-35.059 
-36.309 
-36.549 
-37.689 
-36.449 
-37.809 
-38.169 
-38.089 
-38.249 
-37.329 
-37.029 
-37.829 
-37.749 
-36.909 
-36.649 
-36.729 
-37.449 
-38.309 
-38.429 
-38.309 
-37.709 
-37.469 
-36.889 
-36.689 
-37.169 
-37.829 
-38.249 
-38.569 
-38.509 
-38.069 
-37.209 
-36.789 
-36.829 
-38.210 
-38.770 
-39.230 
-39.730 
-39.810 
-39.810 
-38.790 
-38.350 
-38.190 
-37.990 
-38.830 
-39.490 
-39.650 
-39.830 
-39.370 
-39.150 
-38.710 
-38.170 
-38.030 
-38.070 
-39.150 
-39.350 
-39.650 
-39.770 
-39.590 
-39.250 
-38.450 
-38.290 
-38.110 
-38.170 
-38.610 
-38.810 
-39.190 
-39.630 
-39.730 
-39.610 
-38.570 
-38.190 
-39.271 
-39.391 
-39.731 
-40.271 
-40.831 
-40.851 
-40.651 
-40.391 
-39.931 
-39.891 
-40.351 
-40.651 
-40.511 
-40.231 
-39.811 
-39.631 
-39.651 
-39.831 
-40.111 
-40.271 
-40.411 
-40.771 
-40.811 
-40.731 
-40.511 
-40.231 
-39.951 
-39.691 
-39.671 
-39.811 
-40.331 
-40.471 
-40.711 
-40.871 
-40.851 
-40.511 
-40.231 
-40.622 
-40.302 
-40.262 
-40.262 
-40.522 
-40.642 
-41.402 
-41.602 
-41.902 
-42.002 
-42.042 
-41.902 
-41.762 
-40.682 
-40.562 
-40.442 
-40.942 
-41.522 
-41.862 
-42.062 
-42.042 
-41.982 
-41.362 
-41.002 
-40.582 
-40.742 
-41.442 
-41.622 
-42.062 
-42.062 
-42.022 
-41.662 
-41.322 
-40.822 
-40.622 
-40.582 
-40.722 
-41.182 
-41.722 
-41.862 
-41.777 
-41.397 
-41.037 
-40.557 
-40.457 
-40.897 
-41.177 
-42.177 
-42.777 
-43.257 
-42.157 
-41.817 
-41.177 
-40.577 
-40.537 
-43.097 
-43.237 
-43.277 
-42.697 
-41.417 
-41.137 
-40.177 
-41.937 
-42.237 
-42.637 
-42.417 
-42.817 
-42.857 
-41.457 
-40.837 
-40.777 
-40.977 
-41.197 
-41.737 
-42.337 
-42.617 
-43.257 
-43.237 
-42.997 
-42.517 
-42.217 
-41.137 
-40.837 
-40.957 
-41.917 
-42.217 
-42.777 
-43.157 
-42.742 
-42.562 
-40.942 
-40.742 
-40.522 
-40.782 
-41.302 
-42.282 
-42.842 
-43.182 
-43.242 
-42.942 
-42.702 
-42.402 
-41.422 
-40.882 
-40.742 
-41.482 
-41.802 
-43.222 
-43.182 
-42.582 
-41.962 
-41.062 
-40.582 
-40.662 
-41.022 
-41.602 
-42.262 
-43.042 
-43.202 
-43.182 
-41.902 
-41.282 
-40.822 
-40.682 
-40.902 
-41.142 
-41.742 
-42.382 
-42.682 
-43.242 
-36.348 
-35.248 
-34.908 
-34.308 
-33.888 
-33.748 
-33.968 
-34.208 
-34.908 
-36.088 
-36.708 
-37.048 
-36.968 
-36.228 
-35.468 
-34.088 
-33.908 
-34.388 
-34.708 
-36.468 
-35.748 
-34.968 
-34.628 
-33.888 
-33.928 
-34.068 
-35.308 
-35.708 
-36.728 
-37.048 
-36.888 
-36.328 
-35.588 
-34.828 
-34.048 
-33.948 
-34.448 
-35.108 
-36.228 
-35.284 
-35.804 
-35.704 
-34.584 
-33.824 
-33.484 
-32.924 
-33.244 
-33.904 
-34.724 
-35.884 
-36.144 
-36.244 
-35.724 
-34.964 
-34.524 
-33.184 
-33.024 
-33.724 
-34.084 
-34.504 
-36.164 
-35.924 
-35.584 
-34.004 
-33.364 
-33.044 
-33.124 
-34.304 
-34.724 
-35.844 
-36.124 
-36.084 
-35.464 
-35.064 
-34.664 
-34.264 
-33.164 
-33.124 
-33.764 
-34.504 
-35.304 
-35.684 
-35.519 
-35.559 
-35.359 
-34.459 
-33.299 
-32.359 
-32.599 
-33.179 
-34.719 
-35.039 
-35.599 
-35.599 
-34.719 
-34.359 
-33.199 
-32.899 
-32.419 
-34.859 
-35.159 
-35.439 
-34.579 
-33.799 
-32.559 
-32.599 
-32.839 
-34.279 
-34.659 
-35.479 
-35.599 
-35.119 
-34.439 
-33.319 
-32.999 
-32.559 
-32.559 
-33.699 
-34.079 
-32.602 
-32.842 
-32.742 
-31.782 
-30.322 
-30.382 
-30.862 
-32.342 
-33.222 
-33.422 
-33.022 
-32.402 
-31.282 
-30.342 
-30.742 
-31.762 
-33.402 
-33.402 
-31.882 
-30.582 
-30.402 
-30.602 
-31.182 
-32.642 
-33.382 
-32.462 
-32.102 
-31.022 
-30.742 
-30.382 
-30.502 
-31.342 
-32.082 
-30.121 
-30.441 
-29.761 
-27.961 
-27.821 
-28.121 
-28.381 
-29.701 
-30.461 
-30.601 
-29.621 
-29.281 
-27.881 
-27.841 
-28.001 
-29.161 
-30.521 
-30.121 
-28.841 
-28.521 
-27.861 
-28.361 
-28.961 
-29.921 
-30.381 
-30.541 
-30.421 
-29.401 
-29.081 
-28.041 
-27.921 
-28.241 
-29.110 
-29.770 
-30.450 
-30.570 
-29.990 
-29.210 
-28.630 
-28.810 
-29.810 
-30.430 
-30.570 
-30.130 
-29.910 
-28.930 
-28.730 
-29.910 
-30.310 
-30.050 
-29.830 
-28.870 
-28.590 
-28.570 
-28.850 
-29.530 
-30.010 
-30.550 
-30.170 
-29.950 
-29.230 
-28.810 
-28.550 
-28.610 
-28.531 
-28.771 
-29.251 
-29.811 
-29.971 
-29.931 
-29.191 
-29.031 
-28.711 
-28.671 
-28.791 
-29.171 
-29.751 
-29.871 
-29.951 
-29.911 
-29.711 
-29.271 
-28.671 
-28.691 
-29.231 
-29.691 
-29.951 
-29.671 
-29.051 
-28.931 
-28.691 
-28.771 
-29.151 
-29.291 
-29.731 
-29.931 
-29.931 
-29.851 
-29.751 
-29.331 
-29.191 
-27.336 
-27.236 
-27.356 
-27.576 
-28.056 
-28.436 
-28.856 
-28.916 
-28.856 
-28.436 
-27.576 
-27.436 
-27.516 
-27.776 
-28.136 
-28.496 
-28.876 
-28.896 
-28.696 
-27.976 
-27.796 
-27.536 
-27.396 
-28.936 
-28.876 
-28.776 
-28.116 
-27.936 
-27.456 
-27.936 
-28.736 
-28.836 
-28.896 
-28.836 
-28.096 
-27.936 
-27.862 
-27.842 
-28.362 
-28.962 
-29.182 
-29.982 
-29.962 
-29.362 
-29.122 
-28.902 
-28.482 
-28.122 
-28.422 
-28.602 
-29.682 
-30.002 
-30.002 
-29.682 
-29.282 
-28.182 
-28.262 
-29.882 
-29.962 
-29.902 
-29.622 
-29.422 
-28.582 
-28.422 
-28.202 
-28.222 
-28.622 
-29.022 
-29.802 
-29.922 
-29.962 
-29.862 
-27.544 
-27.104 
-26.564 
-26.404 
-26.604 
-26.784 
-27.504 
-28.024 
-28.504 
-28.564 
-28.344 
-27.184 
-26.504 
-26.584 
-26.904 
-28.064 
-28.504 
-28.524 
-28.264 
-27.364 
-27.124 
-26.744 
-26.524 
-26.504 
-28.164 
-28.324 
-28.364 
-27.764 
-26.844 
-26.524 
-26.584 
-27.084 
-27.324 
-28.044 
-28.384 
-26.504 
-26.304 
-25.424 
-24.784 
-24.644 
-24.964 
-25.464 
-26.324 
-26.564 
-27.024 
-26.984 
-26.684 
-25.124 
-24.724 
-24.704 
-25.304 
-25.584 
-26.804 
-26.944 
-26.804 
-26.124 
-25.844 
-25.104 
-24.804 
-26.704 
-26.864 
-26.984 
-26.524 
-25.744 
-25.224 
-24.784 
-24.784 
-25.284 
-25.544 
-26.344 
-26.784 
-25.698 
-25.518 
-24.878 
-24.338 
-23.878 
-23.638 
-23.678 
-24.238 
-24.798 
-25.378 
-25.618 
-25.958 
-26.038 
-24.558 
-23.858 
-23.738 
-23.678 
-23.918 
-24.118 
-25.198 
-25.678 
-25.958 
-26.018 
-25.998 
-25.558 
-23.998 
-23.738 
-24.218 
-24.478 
-24.738 
-25.758 
-26.018 
-25.458 
-25.198 
-24.118 
-23.938 
-23.718 
-23.898 
-24.318 
-24.858 
-25.818 
-25.938 
-24.454 
-24.034 
-23.534 
-22.974 
-22.514 
-22.294 
-22.354 
-22.974 
-23.874 
-24.154 
-24.614 
-24.794 
-23.454 
-23.154 
-22.654 
-22.314 
-22.434 
-23.094 
-23.394 
-24.474 
-24.634 
-24.734 
-23.374 
-23.094 
-22.634 
-22.374 
-22.434 
-24.714 
-24.654 
-24.334 
-23.574 
-22.634 
-22.494 
-22.434 
-22.654 
-23.594 
-23.854 
-22.462 
-22.802 
-22.782 
-22.382 
-21.442 
-21.262 
-21.062 
-21.202 
-21.362 
-22.042 
-22.742 
-22.922 
-22.922 
-22.302 
-21.362 
-21.062 
-21.122 
-21.662 
-21.902 
-22.822 
-22.982 
-23.122 
-23.002 
-22.202 
-21.942 
-21.062 
-21.522 
-23.022 
-23.062 
-22.362 
-21.642 
-21.282 
-21.102 
-21.262 
-21.862 
-22.082 
-21.348 
-21.508 
-21.068 
-20.528 
-20.368 
-19.988 
-19.988 
-20.268 
-20.408 
-20.928 
-21.228 
-21.448 
-21.388 
-20.348 
-20.028 
-20.468 
-20.628 
-21.108 
-21.228 
-21.388 
-21.328 
-20.968 
-20.628 
-20.208 
-20.068 
-21.108 
-21.368 
-21.348 
-21.068 
-20.608 
-20.328 
-20.088 
-18.814 
-18.934 
-19.394 
-19.534 
-19.914 
-19.934 
-19.934 
-19.694 
-19.154 
-18.974 
-19.014 
-19.254 
-19.354 
-19.714 
-19.874 
-19.654 
-19.554 
-19.314 
-19.034 
-19.034 
-19.094 
-19.534 
-19.834 
-19.934 
-19.814 
-19.714 
-19.154 
-19.014 
-18.994 
-19.694 
-19.874 
-19.914 
-19.674 
-19.454 
-19.214 
-18.994 
-17.543 
-17.703 
-18.043 
-18.143 
-18.423 
-18.563 
-18.623 
-18.563 
-18.343 
-18.263 
-18.043 
-17.963 
-17.983 
-18.043 
-18.243 
-18.323 
-18.543 
-18.463 
-18.243 
-18.083 
-17.963 
-17.963 
-18.003 
-18.283 
-18.443 
-18.563 
-18.603 
-18.563 
-18.203 
-18.223 
-18.523 
-18.583 
-18.623 
-18.543 
-18.323 
-18.243 
-18.163 
-16.629 
-16.609 
-16.649 
-16.749 
-16.989 
-17.109 
-17.429 
-17.589 
-17.649 
-17.609 
-17.349 
-17.129 
-16.729 
-16.749 
-16.809 
-17.209 
-17.309 
-17.549 
-17.469 
-17.069 
-16.969 
-16.749 
-16.709 
-16.769 
-16.929 
-17.249 
-17.449 
-17.589 
-17.569 
-17.349 
-16.969 
-16.749 
-17.169 
-17.269 
-17.509 
-17.549 
-17.549 
-17.449 
-16.190 
-15.930 
-15.810 
-15.830 
-16.150 
-16.270 
-15.578 
-15.438 
-15.198 
-14.818 
-14.438 
-13.745 
-13.545 
-13.945 
-14.065 
-14.185 
-14.285 
-13.945 
-14.105 
-13.545 
-13.325 
-13.325 
-13.745 
-14.025 
-13.125 
-13.185 
-13.585 
-13.945 
-14.425 
-14.565 
-14.465 
-14.205 
-13.645 
-13.465 
-13.065 
-13.025 
-13.125 
-13.385 
-13.745 
-14.225 
-14.465 
-14.165 
-13.425 
-13.245 
-12.845 
-12.865 
-13.285 
-13.465 
-13.965 
-14.105 
-14.285 
-14.165 
-13.165 
-13.005 
-12.735 
-13.075 
-13.435 
-13.495 
-13.355 
-12.815 
-12.175 
-11.835 
-11.655 
-11.795 
-12.095 
-12.495 
-13.075 
-13.335 
-13.255 
-12.975 
-11.935 
-11.475 
-11.815 
-11.995 
-12.615 
-12.815 
-13.135 
-12.895 
-12.075 
-11.875 
-11.395 
-11.295 
-11.415 
-11.715 
-12.515 
-12.695 
-12.975 
-12.475 
-11.815 
-11.135 
-10.694 
-11.434 
-11.834 
-12.054 
-12.014 
-11.634 
-11.274 
-10.594 
-10.514 
-10.494 
-10.594 
-10.914 
-11.214 
-11.694 
-11.594 
-11.454 
-11.034 
-10.414 
-10.014 
-10.054 
-10.434 
-10.654 
-11.394 
-11.814 
-12.074 
-11.714 
-10.774 
-10.174 
-9.514 
-9.474 
-10.014 
-10.554 
-11.354 
-11.594 
-11.934 
-11.794 
-10.714 
-10.414 
-9.798 
-9.718 
-10.318 
-10.678 
-11.398 
-11.998 
-12.358 
-12.018 
-10.838 
-9.838 
-8.478 
-8.078 
-8.478 
-8.858 
-10.378 
-10.938 
-12.358 
-12.358 
-11.898 
-10.498 
-8.978 
-8.318 
-8.078 
-8.158 
-8.538 
-9.758 
-11.238 
-12.218 
-12.158 
-11.538 
-10.098 
-9.598 
-8.418 
-8.138 
-8.618 
-9.458 
-10.958 
-11.418 
-12.318 
-12.258 
-8.578 
-8.318 
-8.270 
-9.210 
-10.710 
-11.970 
-12.270 
-11.750 
-10.190 
-8.990 
-7.410 
-7.350 
-8.010 
-9.050 
-11.390 
-12.370 
-12.250 
-11.130 
-9.950 
-8.230 
-7.810 
-7.370 
-7.790 
-9.290 
-9.890 
-12.390 
-10.970 
-10.370 
-8.590 
-7.730 
-7.470 
-7.950 
-8.410 
-10.150 
-12.410 
-12.330 
-12.042 
-10.062 
-7.462 
-9.182 
-9.782 
-10.402 
-12.102 
-11.542 
-11.062 
-8.622 
-7.002 
-7.102 
-8.822 
-9.442 
-11.242 
-11.682 
-12.042 
-10.242 
-9.622 
-7.462 
-7.562 
-8.002 
-10.402 
-12.222 
-12.162 
-9.982 
-9.342 
-8.722 
-7.102 
-7.061 
-10.837 
-7.657 
-9.317 
-11.757 
-11.277 
-10.697 
-10.017 
-7.157 
-9.917 
-10.617 
-10.677 
-9.217 
-8.437 
-6.437 
-5.997 
-6.117 
-7.197 
-10.197 
-11.817 
-12.017 
-11.037 
-10.397 
-8.117 
-7.397 
-6.757 
-5.697 
-5.917 
-6.817 
-8.217 
-10.497 
-11.777 
-10.797 
-6.517 
-5.777 
-5.677 
-7.077 
-7.777 
-9.317 
-11.337 
-11.757 
-11.617 
-11.178 
-9.078 
-8.298 
-7.558 
-9.678 
-11.058 
-11.558 
-11.978 
-11.718 
-10.678 
-9.158 
-7.498 
-5.658 
-5.258 
-5.658 
-6.138 
-8.338 
-9.158 
-11.738 
-11.978 
-11.898 
-10.378 
-7.178 
-6.478 
-5.518 
-5.278 
-5.838 
-7.858 
-9.498 
-11.498 
-12.038 
-9.298 
-8.458 
-5.398 
-5.258 
-6.058 
-6.658 
-9.838 
-0.520 
-2.000 
-1.580 
1.100 
1.940 
2.720 
1.220 
0.500 
-1.260 
-1.140 
-0.340 
3.140 
4.260 
4.800 
2.420 
1.660 
-0.360 
-1.160 
-1.040 
-0.100 
2.000 
3.420 
4.720 
4.740 
4.060 
2.840 
0.620 
-1.300 
-0.440 
0.820 
2.320 
4.560 
4.780 
4.660 
3.840 
0.400 
-0.220 
-0.660 
-0.160 
1.180 
3.340 
3.940 
0.720 
0.060 
-1.280 
-0.900 
0.100 
1.500 
4.520 
4.760 
4.360 
3.300 
1.880 
1.140 
-0.180 
-1.240 
-1.080 
-0.260 
1.060 
3.240 
4.800 
4.560 
3.040 
-0.860 
-1.200 
-0.560 
1.360 
2.840 
4.060 
4.420 
2.020 
1.280 
0.320 
-1.460 
-1.380 
-0.580 
4.720 
4.400 
3.920 
1.080 
0.360 
-0.820 
-1.440 
-1.260 
0.940 
1.700 
4.300 
4.660 
4.600 
4.220 
2.300 
1.520 
0.780 
-1.320 
-1.140 
-0.720 
-0.160 
2.760 
3.460 
4.840 
4.460 
2.740 
-0.200 
-0.740 
-1.300 
-0.520 
0.800 
3.700 
4.600 
4.640 
3.660 
1.540 
0.780 
-1.060 
-0.900 
0.340 
-0.180 
-0.760 
-1.220 
-1.160 
-0.080 
2.220 
3.660 
4.900 
3.280 
2.540 
0.960 
-0.440 
-1.340 
-1.540 
-1.360 
-0.980 
0.960 
1.760 
3.260 
4.420 
4.900 
4.220 
0.660 
-1.560 
-1.220 
-0.180 
2.080 
2.840 
4.840 
4.920 
4.020 
2.720 
0.380 
-0.860 
-1.480 
-1.020 
0.140 
3.180 
4.340 
4.660 
3.080 
1.540 
-0.580 
-1.400 
-1.240 
-0.260 
1.180 
2.740 
4.520 
4.800 
4.900 
4.080 
3.480 
2.020 
-0.220 
-1.220 
-1.400 
0.740 
3.040 
3.720 
4.660 
4.720 
3.840 
1.680 
0.160 
-1.520 
-1.500 
-0.900 
1.060 
1.840 
4.440 
4.760 
4.780 
3.540 
2.080 
0.520 
-0.780 
-1.580 
-1.180 
-0.100 
1.400 
4.760 
3.940 
3.300 
0.220 
-0.440 
-1.560 
-1.380 
-0.480 
1.720 
2.520 
4.760 
4.880 
4.240 
0.660 
-0.680 
-1.580 
-1.240 
-0.220 
0.480 
1.260 
3.540 
4.580 
4.800 
4.020 
1.920 
0.360 
-1.300 
-1.580 
-1.080 
0.800 
2.380 
3.800 
4.140 
4.500 
3.600 
2.180 
0.600 
-1.220 
-1.640 
-1.280 
-0.240 
3.540 
4.840 
1.060 
-0.400 
-1.380 
-1.640 
0.040 
0.780 
2.380 
3.800 
4.900 
3.760 
2.320 
0.720 
-1.160 
-1.500 
-0.920 
0.340 
1.920 
4.520 
4.820 
4.820 
3.500 
2.000 
0.420 
-1.520 
-0.700 
0.660 
2.240 
3.500 
4.680 
4.540 
3.660 
2.260 
-0.040 
1.100 
2.660 
4.460 
4.000 
2.700 
-0.300 
-1.300 
-1.480 
-1.160 
0.660 
2.220 
3.640 
4.800 
4.640 
3.780 
2.400 
0.080 
-0.560 
-1.600 
-1.380 
0.220 
1.760 
3.880 
4.680 
4.760 
4.100 
2.080 
0.520 
-1.240 
-0.180 
0.520 
1.300 
1.960 
4.400 
4.560 
4.240 
1.640 
0.860 
-0.520 
-1.580 
-1.380 
-0.480 
3.800 
4.760 
0.540 
-0.160 
-1.200 
-1.600 
-1.520 
-1.240 
1.240 
2.020 
4.440 
4.760 
4.340 
1.760 
0.980 
-1.340 
-1.560 
-1.080 
-0.580 
0.780 
3.060 
4.220 
4.760 
4.740 
4.160 
2.960 
-0.300 
-1.840 
-1.400 
-0.940 
2.880 
-0.140 
-1.820 
-1.160 
0.140 
2.600 
4.520 
4.840 
4.200 
3.580 
2.040 
-0.360 
-1.840 
-1.740 
-0.940 
1.280 
2.920 
4.240 
4.820 
4.480 
3.300 
0.860 
-0.620 
-1.820 
0.600 
3.020 
3.700 
4.780 
4.740 
4.500 
2.040 
1.240 
-1.340 
0.420 
1.200 
2.780 
4.500 
-1.120 
-1.780 
-1.600 
-0.720 
1.480 
4.240 
4.780 
4.160 
2.940 
0.560 
-0.820 
-1.640 
-1.780 
-1.480 
-0.480 
1.000 
3.320 
4.400 
4.700 
2.640 
1.860 
-1.740 
-1.600 
-1.480 
1.160 
2.720 
4.340 
4.560 
2.960 
0.740 
0.040 
-0.580 
-0.980 
-0.440 
1.180 
-0.800 
-1.480 
0.480 
1.220 
2.700 
3.900 
4.540 
4.460 
4.140 
3.060 
1.620 
0.160 
-1.560 
-1.560 
-1.040 
0.080 
2.980 
3.600 
4.100 
4.340 
3.440 
2.080 
1.320 
0.580 
-1.160 
-1.440 
-1.260 
0.380 
3.840 
4.620 
4.500 
3.760 
1.760 
0.260 
-0.920 
-1.540 
-1.440 
-1.120 
2.880 
4.580 
4.580 
-0.620 
-1.120 
-1.340 
-0.400 
1.740 
2.480 
4.600 
4.280 
1.880 
-0.840 
-1.520 
-1.480 
-0.740 
-0.140 
0.540 
3.420 
4.340 
4.600 
4.460 
3.640 
2.320 
0.660 
-0.680 
-1.560 
-1.180 
-0.040 
2.900 
3.520 
4.360 
4.320 
3.420 
2.060 
1.300 
-0.140 
-1.200 
-0.400 
0.260 
3.740 
4.460 
4.540 
2.480 
1.000 
-0.400 
-1.640 
-1.200 
0.560 
1.300 
2.780 
4.320 
4.540 
4.020 
3.520 
-0.020 
-0.640 
-1.480 
-1.420 
-0.500 
0.860 
2.360 
3.660 
4.420 
4.480 
3.820 
1.880 
0.940 
-1.480 
-1.740 
-0.440 
0.240 
0.980 
4.080 
4.020 
3.600 
2.360 
0.200 
-1.320 
-1.540 
-0.640 
-0.060 
4.220 
3.860 
0.580 
-0.100 
-1.640 
-1.600 
0.160 
0.860 
3.000 
3.580 
4.020 
4.400 
4.080 
3.120 
1.020 
-1.560 
-1.640 
-1.240 
-0.240 
0.440 
1.900 
3.240 
4.160 
4.260 
3.840 
2.080 
-1.200 
-1.540 
2.120 
3.420 
4.220 
4.380 
4.160 
2.660 
1.200 
0.480 
-0.200 
-1.240 
-1.600 
-0.980 
2.400 
3.060 
3.040 
2.360 
0.900 
-1.000 
-1.620 
-1.220 
1.240 
1.980 
3.320 
4.180 
4.380 
3.880 
3.380 
2.780 
0.600 
-0.700 
-1.420 
0.800 
1.560 
3.980 
4.280 
3.680 
2.440 
0.960 
0.240 
-0.420 
1.800 
3.160 
4.080 
4.300 
2.880 
1.480 
-0.560 
-1.620 
-1.120 
-0.640 
1.380 
2.120 
3.380 
3.220 
2.600 
1.180 
-0.780 
-1.520 
-1.580 
-0.940 
0.960 
1.680 
3.060 
4.260 
4.240 
2.980 
1.600 
-0.460 
-1.500 
-1.180 
-0.720 
1.980 
2.680 
4.040 
4.040 
3.880 
2.440 
1.020 
-0.380 
-0.960 
0.240 
0.980 
3.140 
3.680 
4.340 
4.280 
3.980 
2.920 
0.720 
-0.640 
-1.540 
-1.760 
-0.780 
0.540 
2.040 
3.380 
2.640 
1.160 
-0.280 
-1.640 
-1.720 
-1.080 
0.120 
2.340 
3.600 
4.300 
4.400 
4.040 
2.360 
0.860 
-0.540 
-1.640 
-1.340 
-0.280 
1.160 
3.800 
4.160 
4.220 
3.740 
2.620 
0.400 
-0.920 
-1.680 
-1.300 
-0.120 
2.180 
3.520 
4.480 
4.180 
2.540 
1.020 
-1.060 
-1.800 
-1.820 
1.720 
2.480 
4.040 
2.260 
-1.600 
-1.800 
-1.680 
-0.220 
1.260 
2.740 
3.380 
4.220 
4.200 
3.300 
1.960 
-1.320 
-1.640 
-1.720 
-0.540 
-0.160 
2.060 
4.040 
4.040 
3.340 
2.120 
0.680 
-1.100 
-1.640 
-0.700 
0.580 
2.000 
3.700 
4.160 
3.920 
3.580 
2.480 
0.400 
-0.800 
-1.500 
-0.940 
1.600 
2.300 
3.840 
1.500 
0.120 
-1.360 
-1.580 
-1.480 
-0.160 
1.180 
3.160 
4.140 
2.580 
1.920 
1.220 
-0.720 
-1.460 
-1.020 
-0.520 
1.820 
2.460 
3.000 
3.800 
1.980 
1.320 
-0.520 
-1.280 
-1.020 
-0.580 
0.580 
3.040 
3.480 
3.900 
3.360 
2.340 
0.400 
-0.720 
-1.120 
-1.380 
-1.420 
-0.360 
0.860 
2.160 
3.240 
2.080 
0.780 
-0.420 
-1.240 
-1.480 
-1.080 
-0.660 
1.780 
2.400 
3.880 
3.900 
3.740 
2.440 
1.160 
-0.640 
-1.180 
-0.580 
0.620 
1.280 
3.440 
3.700 
3.520 
2.680 
0.880 
-0.300 
-1.340 
-1.300 
0.380 
1.000 
3.580 
3.760 
3.660 
2.460 
1.240 
-0.520 
-1.240 
-1.220 
1.900 
2.480 
3.540 
2.740 
1.580 
-0.740 
-1.440 
-1.140 
0.260 
0.880 
2.680 
3.140 
3.500 
3.660 
3.400 
1.940 
1.320 
-0.460 
-0.900 
-1.400 
-1.020 
-0.320 
1.520 
2.640 
3.360 
3.040 
2.620 
2.120 
-0.120 
-0.980 
-0.660 
2.020 
2.540 
3.300 
3.540 
3.460 
2.880 
1.320 
0.740 
-0.740 
-1.120 
-0.020 
0.540 
2.720 
3.120 
3.520 
0.500 
-0.880 
-1.240 
-0.720 
1.360 
1.920 
2.460 
3.460 
2.940 
2.500 
1.420 
-0.240 
-1.340 
-1.120 
-0.760 
0.800 
1.400 
3.160 
3.340 
3.080 
1.260 
0.700 
-0.300 
-1.140 
-0.460 
1.040 
1.580 
2.560 
3.200 
3.320 
2.560 
0.480 
-0.040 
-1.160 
-0.680 
-0.300 
0.720 
2.300 
0.260 
-1.160 
0.380 
0.920 
1.980 
2.820 
3.240 
2.920 
2.120 
1.080 
-0.840 
-1.200 
-0.800 
0.540 
1.620 
2.560 
3.120 
3.220 
3.060 
1.440 
0.900 
-0.120 
-0.860 
-0.240 
0.240 
1.300 
2.700 
3.200 
2.960 
2.240 
1.220 
-0.640 
-0.920 
-1.080 
-0.420 
2.480 
2.840 
1.500 
0.000 
-0.420 
-0.960 
-1.020 
-0.580 
0.760 
2.640 
2.940 
2.920 
2.620 
1.940 
0.460 
-1.320 
-1.020 
0.200 
1.280 
2.720 
3.200 
3.180 
2.640 
1.180 
0.120 
-1.020 
-1.200 
-0.520 
-0.080 
0.440 
2.860 
3.120 
3.240 
2.860 
2.020 
0.960 
0.420 
-0.520 
-1.200 
0.660 
1.740 
2.980 
3.180 
-0.280 
-0.980 
-1.160 
-1.120 
-0.160 
1.960 
2.420 
3.080 
3.260 
2.100